PROFILE,VALUEDAY,VAL0000,VAL0030,VAL0100,VAL0130,VAL0200,VAL0230,VAL0300,VAL0330,VAL0400,VAL0430,VAL0500,VAL0530,VAL0600,VAL0630,VAL0700,VAL0730,VAL0800,VAL0830,VAL0900,VAL0930,VAL1000,VAL1030,VAL1100,VAL1130,VAL1200,VAL1230,VAL1300,VAL1330,VAL1400,VAL1430,VAL1500,VAL1530,VAL1600,VAL1630,VAL1700,VAL1730,VAL1800,VAL1830,VAL1900,VAL1930,VAL2000,VAL2030,VAL2100,VAL2130,VAL2200,VAL2230,VAL2300,VAL2330
profile53,date7,71,24,35,30,96,43,75,72,62,69,97,73,61,52,40,65,8,2,31,91,88,77,32,46,79,33,80,24,23,12,71,18,56,59,53,90,40,67,22,88,98,15,7,44,99,18,3,14
profile22,date0,75,157,121,178,127,135,130,163,187,167,185,231,128,253,101,127,208,93,194,154,116,153,49,188,65,31,224,130,187,115,120,177,160,208,157,77,70,122,96,147,176,77,193,54,143,180,174,157
profile50,date7,67,51,70,93,80,86,19,18,80,57,15,91,6,28,14,49,82,83,15,26,81,72,34,3,16,68,59,62,96,54,84,51,38,99,47,73,74,70,62,95,22,20,97,41,45,16,68,29
profile9,date6,45,25,69,0,66,90,32,45,29,78,10,60,98,2,11,78,97,73,86,63,18,29,54,46,38,17,66,18,30,32,99,90,3,92,54,51,29,83,79,79,0,96,66,66,20,95,28,50
profile76,date0,83,123,126,92,71,46,126,84,159,83,35,43,57,81,58,60,41,156,88,106,163,49,10,117,78,89,84,76,14,104,22,32,102,111,44,157,94,78,152,176,151,73,47,84,96,80,107,143
profile91,date2,69,90,2,0,46,14,7,27,65,56,83,22,23,57,85,9,47,11,63,62,5,90,57,73,43,2,94,13,24,38,39,14,83,16,58,71,12,23,12,28,22,94,7,26,9,71,64,92
profile70,date9,75,65,37,63,0,6,35,87,56,94,32,95,92,37,47,48,14,14,37,14,19,27,17,30,62,61,3,1,85,48,15,32,82,57,5,48,93,24,16,16,73,36,0,11,96,98,45,56
profile65,date1,73,40,74,65,61,17,80,34,43,18,99,58,9,32,68,87,13,59,93,93,2,91,57,18,32,78,81,2,94,58,32,64,34,98,10,75,64,60,50,98,87,35,34,59,73,83,28,64
profile66,date5,24,55,24,49,31,2,34,76,6,7,83,53,96,39,39,59,58,16,5,22,48,94,41,85,10,49,99,95,77,13,92,97,40,57,53,87,82,36,62,11,81,63,59,65,69,25,47,70
profile37,date1,100,104,56,55,159,88,71,25,98,86,140,82,77,112,105,50,82,46,102,71,43,131,81,41,26,65,173,112,161,149,17,15,178,36,15,45,107,108,79,127,126,129,78,85,80,136,111,85
profile4,date3,105,131,57,36,92,80,116,180,95,51,143,81,90,92,99,73,108,67,40,74,100,153,122,98,174,96,105,112,84,83,54,112,48,164,106,47,136,146,147,147,103,28,66,12,73,35,117,91
profile42,date4,64,87,41,79,51,33,45,13,55,98,97,35,88,64,17,66,17,48,40,45,37,48,92,67,58,44,68,73,84,79,80,11,94,75,0,65,94,37,83,37,11,20,31,0,9,81,6,25
profile13,date6,166,121,83,24,143,124,35,114,147,89,123,87,49,94,33,133,26,82,156,67,18,45,167,86,56,32,31,64,35,61,84,77,114,128,36,156,112,179,168,122,59,27,73,43,131,82,91,109
profile68,date3,99,73,22,31,69,29,92,91,61,89,59,11,1,7,40,54,35,81,56,18,90,20,48,48,24,85,4,99,43,19,28,98,73,30,79,23,32,54,72,97,65,3,2,51,13,61,43,20
profile77,date9,97,8,77,22,12,89,97,55,79,63,45,4,60,31,58,74,74,13,81,88,52,59,38,24,29,34,10,76,36,98,98,79,11,33,63,55,8,92,68,18,93,65,71,13,97,42,57,73
profile53,date2,134,153,64,78,52,49,82,94,152,109,167,67,99,44,152,102,24,79,78,88,58,49,83,17,66,71,182,109,70,75,96,92,191,135,39,154,133,120,162,162,148,128,110,119,36,35,78,106
profile71,date0,87,89,105,76,101,143,83,70,107,47,166,76,65,51,39,96,156,15,86,119,137,116,62,133,105,76,96,50,83,107,43,155,90,76,95,64,63,75,56,33,107,21,100,124,38,123,75,88
profile71,date5,139,61,158,129,61,49,99,123,167,45,141,49,94,109,101,120,120,136,130,16,104,98,66,129,115,127,35,108,136,54,54,94,79,129,90,45,85,51,89,154,140,133,128,110,83,140,99,100
profile46,date9,102,93,139,77,116,114,148,118,125,26,97,55,78,42,54,133,103,52,37,92,156,89,23,77,179,103,173,64,114,91,174,95,67,147,72,91,105,97,76,145,98,102,126,109,18,144,180,89
profile95,date1,71,11,41,68,57,32,44,98,19,86,3,40,41,66,29,31,65,7,28,23,24,62,97,49,28,74,85,30,21,26,75,76,74,55,36,25,7,1,88,12,70,19,56,73,91,15,51,1
profile24,date3,96,135,100,60,79,133,87,150,48,109,37,107,79,124,98,47,97,29,39,148,109,79,101,108,148,137,69,94,180,98,106,75,65,45,112,101,32,121,88,140,38,25,140,110,180,145,168,191
profile81,date2,154,47,119,44,166,119,80,107,24,144,174,145,171,37,83,109,131,151,78,160,103,54,60,84,139,143,136,70,33,79,122,97,68,135,97,188,102,111,90,52,41,139,100,95,110,93,95,108
profile18,date0,88,167,94,103,93,120,144,81,124,117,42,167,144,105,100,146,87,150,81,96,131,133,52,141,33,130,95,34,123,123,51,149,171,125,91,173,98,113,13,138,57,96,68,71,55,96,126,34
profile19,date3,150,50,159,167,105,134,78,103,96,194,140,44,155,159,86,40,17,127,88,22,82,72,43,105,136,120,74,75,98,150,101,64,73,100,38,129,127,79,82,110,164,121,156,93,124,22,136,146
profile21,date9,49,64,8,58,73,38,33,81,4,91,93,47,79,52,43,8,66,82,66,6,73,11,20,61,1,24,13,45,23,80,52,77,72,62,69,52,32,87,63,38,5,63,96,84,43,78,92,93
profile2,date9,28,91,42,66,7,13,41,22,57,79,97,19,41,50,5,4,96,77,4,58,37,52,2,16,77,43,84,13,10,46,69,23,47,52,82,29,66,64,67,84,41,58,68,35,74,19,3,24
profile75,date4,49,69,74,11,10,35,72,88,0,19,5,10,95,36,28,48,16,51,19,85,68,52,23,76,20,39,41,28,6,39,73,22,44,95,91,90,4,63,24,56,20,85,48,63,79,33,2,47
profile2,date1,45,59,45,81,88,92,24,13,54,48,61,83,37,36,58,85,10,31,41,36,60,75,13,46,6,52,47,46,98,53,90,25,25,47,55,3,49,22,9,69,10,15,92,98,28,8,69,28
profile29,date9,116,60,47,64,121,109,38,75,46,60,96,134,85,116,132,61,90,72,118,87,56,112,138,122,86,131,37,38,93,59,91,31,44,113,104,109,180,88,142,61,174,104,80,164,174,117,44,47
profile82,date3,4,47,40,45,35,22,11,67,0,66,22,58,16,23,6,53,57,16,1,39,40,65,16,48,55,14,95,30,41,69,53,58,63,41,32,51,22,69,51,78,39,40,87,97,70,27,43,41
profile42,date2,31,48,88,62,2,36,46,69,58,59,16,5,61,3,84,79,61,96,68,55,24,62,80,14,70,72,37,43,37,32,59,81,89,99,56,32,30,21,66,77,75,42,15,49,1,72,39,27
profile23,date8,59,157,154,95,59,32,75,145,101,105,182,164,67,28,51,52,41,116,54,100,51,112,39,112,73,194,73,86,107,80,165,81,162,111,108,175,77,129,105,151,65,86,82,107,81,67,53,8
profile37,date5,60,47,66,92,35,89,46,20,3,85,71,9,6,26,67,0,4,29,52,94,74,37,17,85,38,60,99,39,97,55,33,97,61,72,66,83,70,91,42,18,77,56,28,48,77,32,43,68
profile85,date7,37,1,10,99,73,25,43,62,20,22,61,46,84,66,93,79,79,95,47,45,55,7,18,32,80,28,41,68,11,86,88,45,82,68,26,99,86,82,38,95,36,52,43,2,56,65,62,32
profile47,date8,2,17,65,68,57,74,36,75,51,10,97,88,69,64,31,57,35,72,73,98,75,49,8,56,25,5,44,56,19,70,16,53,5,2,30,47,46,65,56,83,50,87,42,36,35,1,18,76
profile93,date7,103,97,43,118,168,141,247,111,182,187,146,150,215,126,94,128,176,69,169,120,100,135,178,229,66,177,110,123,153,179,154,55,184,142,249,229,56,159,193,198,209,136,185,192,124,163,134,167
profile7,date3,202,113,198,192,191,141,74,104,195,189,121,101,145,235,129,145,133,87,203,123,151,203,160,106,126,183,202,200,117,152,114,197,182,174,91,220,267,76,123,221,98,157,234,200,109,193,69,186
profile89,date5,51,49,31,32,96,53,93,76,25,53,76,34,24,4,42,21,11,26,0,73,47,89,88,27,34,21,83,98,48,96,59,30,17,45,69,96,34,26,6,8,41,54,43,84,98,29,39,34
profile39,date2,167,134,41,175,49,136,112,120,105,177,91,104,159,11,123,142,59,84,161,56,99,103,146,94,119,75,158,68,78,67,102,98,67,124,152,53,92,133,113,149,163,155,164,54,63,111,68,188
profile36,date3,78,30,30,79,97,43,83,27,31,46,63,81,30,48,85,47,66,93,74,4,49,69,48,63,61,75,86,14,41,45,99,15,88,46,60,4,51,57,96,91,54,22,95,13,63,91,39,99
profile69,date6,79,75,40,99,66,70,6,60,86,18,60,56,77,83,50,62,93,10,97,70,48,41,36,49,87,85,54,8,18,38,94,41,50,5,11,75,75,67,69,93,90,60,8,26,34,84,8,62
profile81,date0,86,31,65,83,15,61,15,83,27,26,22,12,1,20,88,87,20,73,73,17,60,42,59,70,27,51,96,30,11,88,41,31,75,2,22,17,69,47,12,57,96,16,1,73,64,50,80,92
profile26,date5,151,127,193,178,152,118,158,245,203,75,109,181,103,160,128,160,128,143,52,242,183,112,173,97,140,213,175,141,123,164,237,172,181,125,167,153,149,121,210,147,140,187,205,254,98,123,176,90
profile85,date4,75,87,77,92,98,18,0,0,91,78,87,95,25,85,91,10,6,85,98,95,4,68,89,74,0,54,55,84,85,96,39,32,89,91,11,66,25,36,17,48,18,10,50,31,21,14,49,45
profile56,date6,77,66,8,94,6,78,14,75,30,69,94,60,84,32,36,0,91,93,0,65,87,25,11,66,81,29,89,6,86,87,52,51,84,1,41,21,74,32,67,21,94,34,1,91,36,86,21,59
profile61,date0,64,42,80,70,2,79,97,48,98,10,98,44,65,73,68,2,29,12,61,2,70,89,16,67,43,7,75,49,74,15,0,2,35,43,40,26,84,20,10,3,33,58,9,64,31,39,88,66
profile97,date4,37,98,42,69,49,75,56,34,24,4,70,4,67,61,43,75,57,22,85,96,85,34,1,85,23,85,95,25,68,54,56,0,39,15,32,88,69,84,50,74,49,87,98,72,49,7,51,41
profile50,date9,49,30,11,71,48,42,43,13,35,86,78,31,36,48,98,38,44,37,59,86,38,15,80,44,49,52,43,39,7,28,58,36,65,35,69,82,39,26,38,60,44,40,63,14,53,10,86,14
profile23,date3,84,55,86,8,12,33,24,89,31,67,28,23,70,45,32,16,8,52,81,27,21,2,8,8,31,97,31,53,55,84,4,0,72,63,96,72,61,43,7,0,44,81,20,27,79,77,88,35
profile8,date3,21,86,111,69,30,84,113,51,78,111,108,89,56,134,17,49,106,139,134,133,153,140,94,120,151,61,120,46,93,85,130,90,67,104,30,45,71,105,94,71,107,132,65,73,179,177,99,102
profile25,date0,19,99,137,89,93,188,167,131,133,84,177,119,164,171,107,98,109,103,72,167,102,163,147,124,167,159,121,112,100,170,151,86,46,136,81,135,149,173,174,130,51,102,82,75,112,55,120,105
profile15,date1,57,0,54,72,92,12,10,53,90,82,60,26,84,44,27,46,29,65,42,49,94,92,14,29,30,95,23,81,21,2,54,99,88,44,80,82,40,25,41,19,90,98,63,92,87,86,14,8
profile13,date7,45,66,31,66,89,45,20,45,30,47,48,88,97,38,37,21,11,63,6,83,17,60,53,9,25,77,85,29,81,18,59,64,43,65,16,77,58,20,3,98,33,47,1,20,2,87,79,3
profile51,date3,6,90,22,59,23,80,92,12,39,28,93,92,13,79,98,96,4,77,24,14,3,50,96,99,18,65,24,27,88,89,50,76,97,28,79,11,55,72,35,67,34,18,51,44,45,79,75,31
profile87,date7,163,147,155,151,65,103,102,149,116,192,231,236,86,190,206,62,131,54,172,131,90,185,188,201,185,110,159,136,181,84,150,186,253,179,191,75,79,103,69,152,135,169,160,134,127,204,148,148
profile33,date2,60,37,5,81,49,86,85,75,49,52,90,76,31,20,1,97,6,72,92,47,49,97,38,29,85,3,26,90,70,72,72,30,91,16,48,59,26,33,4,62,24,84,24,13,33,8,61,96
profile82,date4,61,56,83,46,83,44,62,33,47,64,41,31,90,48,5,20,30,78,35,80,55,59,79,23,26,17,23,65,88,5,93,96,98,82,34,83,5,13,10,27,29,61,28,57,44,76,38,15
profile50,date2,154,80,127,22,98,32,98,116,146,124,63,25,126,58,42,85,72,75,168,84,114,144,23,111,31,83,113,93,148,96,123,138,115,136,80,46,17,88,104,11,35,120,121,146,134,118,33,127
profile42,date3,171,139,211,136,192,215,139,191,303,204,93,254,208,279,293,222,202,196,142,138,240,269,343,174,117,98,97,195,232,320,105,198,148,205,228,106,186,135,160,127,188,227,172,222,258,274,264,325
profile79,date9,4,13,78,41,97,61,48,12,72,5,83,10,62,56,96,48,31,23,35,64,74,7,91,91,88,4,82,21,1,72,44,16,83,22,29,40,19,60,4,22,58,32,33,6,81,30,35,12
profile35,date9,51,20,19,76,69,71,24,11,46,49,65,85,50,76,40,68,58,62,88,96,36,35,96,2,27,83,64,81,54,23,97,91,8,50,36,18,95,1,44,27,62,69,0,85,7,73,9,96
profile0,date8,5,35,1,78,20,84,65,93,7,76,93,66,90,41,24,42,86,27,69,89,49,70,59,81,33,60,67,48,26,40,11,25,40,53,94,70,17,57,72,27,3,41,80,73,77,50,32,5
profile5,date5,91,62,47,96,14,45,21,7,56,96,82,61,24,59,42,8,19,1,81,83,26,5,78,26,16,11,2,40,99,53,12,23,42,9,14,17,45,53,81,92,49,18,91,81,55,19,51,14
profile57,date9,69,80,94,93,157,87,94,73,138,186,69,169,34,57,135,69,109,152,125,24,110,68,141,141,77,105,23,113,82,102,76,79,72,93,91,159,70,175,116,98,47,100,113,93,23,107,169,102
profile2,date6,49,75,144,143,109,98,42,81,41,77,130,42,117,143,117,97,79,156,136,169,52,113,133,184,47,141,138,81,83,36,131,153,71,98,52,96,145,76,158,131,55,91,118,105,145,140,68,87
profile97,date7,50,25,39,59,69,72,85,34,73,39,82,32,79,74,2,94,23,52,30,33,65,37,59,47,34,96,39,42,69,14,87,31,75,89,30,2,40,4,21,41,76,40,68,51,18,60,52,34
profile14,date3,99,0,63,58,51,58,82,74,34,95,87,55,40,87,27,5,60,30,64,94,37,27,5,95,98,5,3,74,14,7,98,7,15,19,83,15,86,76,91,35,36,48,81,85,79,69,74,87
profile11,date2,109,152,98,120,99,126,132,58,96,110,116,139,122,40,8,80,110,101,140,127,36,96,95,178,98,57,189,167,107,122,84,118,99,35,112,141,104,86,80,52,154,110,6,14,100,125,37,136
profile68,date9,106,144,144,203,145,127,155,112,112,199,192,185,201,155,233,260,181,182,94,147,174,77,175,128,221,165,181,97,177,109,187,232,197,146,172,70,194,72,195,218,141,194,178,101,151,96,90,143
profile56,date2,186,49,16,64,68,95,125,71,68,58,82,26,119,113,119,72,160,91,65,107,106,79,72,130,53,52,52,34,112,91,56,79,166,92,46,114,168,7,111,88,82,150,24,158,99,140,132,101
profile52,date3,80,55,91,4,84,6,98,24,5,57,62,59,7,77,24,91,15,6,69,51,65,81,8,76,90,67,56,22,24,26,72,71,96,11,70,73,39,95,48,40,41,3,78,94,50,64,20,94
profile34,date9,53,111,39,112,89,65,99,70,105,72,125,70,90,91,176,190,46,50,156,139,70,92,83,115,166,71,114,42,52,159,20,55,29,26,10,89,97,55,105,106,73,123,111,52,109,96,121,92
profile41,date0,6,69,48,67,92,65,16,77,25,96,89,15,46,20,27,67,41,88,81,92,90,89,30,67,19,87,62,93,56,1,37,79,41,0,97,14,56,79,27,5,22,4,48,46,86,64,21,52
profile57,date4,104,87,77,171,146,44,99,106,124,81,58,70,63,108,103,141,154,53,100,63,123,174,61,80,115,17,183,103,158,126,121,122,75,161,98,103,96,89,120,150,114,157,159,118,96,69,144,80
profile7,date2,99,134,46,35,109,53,154,98,156,56,89,93,62,130,125,83,166,64,109,90,96,82,80,106,88,97,27,163,190,70,68,132,27,37,29,155,145,78,184,131,121,14,64,147,148,53,111,76
profile29,date8,33,126,141,98,40,91,45,46,30,128,154,68,70,161,177,143,130,29,107,102,106,123,26,68,117,109,33,145,142,120,101,151,13,112,49,163,110,188,105,3,79,127,174,161,124,126,47,144
profile36,date6,117,26,132,137,99,62,64,39,59,161,41,11,178,97,72,71,85,140,87,119,70,153,93,73,113,137,30,105,101,65,121,75,60,123,134,65,147,97,122,104,99,41,77,111,192,52,67,110
profile32,date5,159,99,63,15,101,99,115,134,97,74,33,118,155,43,81,38,76,119,91,141,160,110,115,51,57,106,145,47,84,69,137,158,3,136,82,158,46,115,43,47,91,35,70,95,84,32,166,125
profile63,date6,34,165,135,146,161,123,172,141,148,109,118,104,77,128,82,136,111,101,85,45,108,114,172,137,66,111,37,167,156,107,164,99,63,179,150,98,127,77,70,158,118,129,133,87,81,110,153,194
profile33,date0,75,99,30,62,43,29,2,89,44,34,60,87,29,2,8,2,73,74,48,87,61,48,93,43,29,64,45,18,54,73,55,46,56,19,74,64,38,97,93,55,43,10,27,70,80,81,95,17
profile48,date5,98,44,75,45,54,64,13,53,32,98,73,69,1,18,20,93,54,95,17,42,83,30,34,0,70,18,44,88,99,96,56,88,3,91,40,69,23,46,36,38,95,34,80,14,75,51,71,56
profile64,date2,168,104,99,50,93,114,111,114,157,66,110,145,183,75,149,148,140,101,114,48,159,58,53,66,126,94,95,112,59,112,119,91,98,96,39,76,141,92,94,153,33,110,150,92,168,113,83,153
profile28,date1,129,138,141,175,91,90,68,92,87,53,177,22,53,111,126,122,77,92,140,114,139,86,127,98,27,115,59,174,123,35,86,97,140,117,132,52,2,156,122,156,134,29,39,62,132,93,107,11
profile48,date6,156,98,70,100,142,28,78,139,146,115,145,125,127,129,100,69,97,30,92,36,109,93,116,30,103,190,79,155,30,137,107,121,66,122,110,113,44,109,88,146,163,167,104,105,91,47,95,155
profile17,date0,213,271,239,248,242,236,140,159,172,165,336,180,240,234,230,177,177,235,193,222,194,167,236,153,127,181,212,248,195,197,259,239,230,131,72,154,290,148,239,237,177,140,92,210,254,291,224,241
profile43,date7,127,239,27,165,44,168,192,92,207,210,113,130,186,235,221,213,227,218,132,209,180,141,229,139,140,191,184,178,250,107,113,128,90,223,120,170,67,185,200,208,179,146,164,58,115,203,207,102
profile83,date2,21,29,1,23,33,6,96,30,66,12,4,94,79,84,69,78,0,18,17,31,92,46,43,2,12,36,5,12,14,57,73,5,90,52,40,23,73,83,39,76,59,3,4,79,15,31,57,10
profile86,date6,83,29,93,84,90,49,16,74,80,59,66,95,61,81,5,17,2,65,43,93,31,25,66,14,86,36,45,51,10,20,96,63,60,98,88,78,50,42,57,37,26,85,79,67,42,50,76,31
profile66,date6,109,84,107,157,52,87,97,37,158,136,116,132,109,73,50,67,18,79,162,176,67,162,135,94,42,160,28,87,116,15,122,119,43,69,68,159,192,120,73,66,92,110,100,103,68,151,79,96
profile94,date5,135,104,114,160,116,126,61,94,89,11,175,10,125,98,107,132,169,70,100,98,48,37,140,97,64,90,167,89,128,165,120,6,139,137,154,136,87,66,172,133,126,133,80,120,29,4,78,128
profile88,date1,78,7,67,61,35,24,74,74,33,53,81,70,76,28,53,72,94,61,4,40,47,24,69,27,22,3,89,69,4,77,74,19,91,97,38,89,42,41,20,76,4,94,55,50,82,1,8,23
profile63,date2,99,95,106,80,73,119,54,74,128,74,130,134,160,109,57,26,101,134,117,106,81,129,96,69,127,89,138,69,147,102,71,107,149,113,172,61,184,89,70,37,48,88,76,133,148,134,133,76
profile4,date7,74,70,4,58,9,0,0,31,82,12,39,95,59,2,93,97,28,97,35,40,37,74,18,29,45,37,32,49,94,0,31,20,57,49,84,24,45,90,22,28,24,44,61,76,38,36,14,90
profile77,date1,47,11,25,33,19,42,41,58,54,30,77,51,38,81,94,22,19,22,33,50,28,6,26,63,29,20,14,57,62,59,38,98,76,43,5,2,66,7,0,99,0,94,12,23,75,81,4,29
profile45,date9,124,157,55,162,44,61,109,159,109,112,123,128,127,94,54,119,82,23,70,82,94,31,90,109,61,77,102,60,131,68,191,69,90,68,115,84,121,134,174,149,115,112,76,58,99,137,129,126
profile35,date2,144,68,134,69,179,76,146,80,77,169,97,79,107,144,138,155,146,34,73,70,114,67,59,112,143,103,90,36,98,108,98,128,154,122,147,152,32,42,65,84,170,97,102,82,110,133,17,189
profile55,date2,23,88,61,84,86,59,90,49,194,110,59,80,102,56,114,118,173,121,71,145,67,86,114,109,118,120,159,53,40,150,85,77,146,86,173,58,118,132,123,123,65,53,43,50,98,137,129,54
profile74,date9,94,106,86,124,142,59,159,69,117,98,191,141,141,111,81,69,83,64,128,75,149,89,161,56,35,69,55,28,131,87,126,77,131,124,140,128,110,69,97,106,117,179,90,132,174,94,118,96
profile94,date7,119,125,58,103,92,134,171,163,110,63,134,98,89,105,41,48,88,106,52,86,80,107,32,98,111,115,47,97,21,64,169,85,146,85,22,30,77,69,46,120,120,138,43,130,136,170,97,86
profile76,date3,66,3,19,0,85,53,62,83,83,15,39,62,67,34,2,61,23,89,72,39,96,22,79,5,75,73,43,17,80,45,91,62,61,23,67,26,84,76,61,36,82,39,41,37,61,87,48,37
profile78,date2,188,123,151,132,136,79,50,12,58,98,84,114,128,147,96,17,21,41,103,66,23,139,33,86,134,133,126,40,89,129,84,97,101,168,99,78,85,114,50,131,140,111,159,24,74,98,77,68
profile95,date3,96,95,33,48,26,56,22,94,59,26,47,8,72,31,58,74,93,16,56,0,84,49,74,83,93,57,99,99,56,63,65,73,23,52,49,1,35,28,20,22,82,97,52,40,27,37,77,16
profile83,date4,99,89,49,36,119,41,117,116,129,98,101,73,121,9,12,94,115,35,105,44,93,140,56,73,50,158,101,69,123,137,151,47,86,88,139,134,101,121,118,174,19,145,113,53,5,80,49,46
profile75,date8,180,180,43,143,29,30,49,5,120,87,93,118,89,16,78,97,9,188,139,74,51,70,62,135,38,94,178,125,101,76,39,119,117,37,139,99,129,91,77,130,124,123,37,101,127,97,129,60
profile69,date0,85,35,44,42,21,57,50,37,76,63,25,84,13,92,54,65,84,8,28,71,18,2,99,62,55,97,48,88,45,78,91,83,35,90,24,46,80,59,94,32,54,25,70,24,84,35,68,31
profile4,date8,97,88,9,54,4,48,79,54,36,27,48,87,19,43,3,9,86,97,35,12,84,18,34,56,71,30,53,95,48,46,93,24,46,15,58,67,78,33,27,81,78,7,86,26,49,59,84,55
profile58,date6,92,25,43,41,97,43,48,45,46,83,9,49,79,2,32,12,7,22,34,49,92,14,6,36,99,61,88,68,90,13,80,58,18,64,92,99,96,33,76,57,11,65,88,21,76,42,42,40
profile83,date1,64,89,23,50,64,13,18,15,61,47,19,97,47,14,69,92,96,2,68,19,74,71,1,95,31,15,78,87,61,96,69,6,53,81,19,44,71,97,89,2,23,34,27,9,63,91,50,58
profile88,date3,129,73,124,141,123,30,101,87,32,60,22,74,99,112,136,74,74,21,48,76,107,101,109,55,40,107,11,117,51,143,121,54,125,128,133,161,22,132,89,105,160,193,100,153,155,76,178,139
profile91,date3,51,57,93,18,26,56,92,66,33,69,66,82,15,1,92,18,55,8,4,20,80,27,21,40,6,58,62,83,78,5,74,35,47,88,47,84,92,50,12,96,56,3,66,18,52,23,55,62
profile89,date4,77,82,31,92,12,35,15,78,52,4,23,3,87,4,23,51,6,58,70,28,72,43,74,26,74,43,36,43,24,19,81,53,72,17,17,93,37,87,91,96,91,41,1,93,62,9,39,58
profile3,date4,100,161,73,99,113,139,101,44,122,175,114,177,58,106,123,73,84,172,152,71,129,111,92,103,93,113,127,127,45,115,124,61,137,73,102,137,15,133,107,115,153,55,5,104,71,134,103,171
profile47,date1,31,60,78,58,12,18,77,73,5,31,53,63,47,34,7,21,8,3,35,28,63,53,3,17,63,61,0,2,91,76,28,53,21,73,48,31,25,26,52,89,29,37,54,95,83,92,48,23
profile8,date1,207,181,149,261,109,201,267,248,122,122,219,267,161,236,186,307,233,154,295,160,217,182,209,153,296,201,274,152,219,268,260,236,165,126,167,177,299,238,214,92,222,221,97,175,195,244,181,227
profile30,date1,142,114,78,101,118,104,48,106,93,151,81,18,70,96,174,86,153,29,134,92,166,102,87,152,137,122,103,104,108,81,81,35,144,64,140,92,96,102,6,49,55,76,67,102,78,11,100,64
profile17,date7,113,122,31,166,136,62,82,65,93,92,34,181,21,150,102,78,37,146,57,90,97,15,70,41,58,138,119,49,102,103,166,72,138,26,132,132,84,102,142,135,63,139,128,110,104,120,132,70
profile26,date6,158,121,30,103,82,121,82,274,217,99,82,170,170,108,187,146,219,168,90,121,178,147,241,130,108,141,211,172,92,206,123,184,142,129,224,229,96,89,209,100,126,206,102,163,88,108,189,111
profile54,date8,82,47,166,106,71,88,22,79,135,111,45,96,122,97,101,43,135,84,56,84,100,157,120,157,94,119,62,135,26,39,141,48,88,26,153,119,72,87,78,8,51,89,33,88,126,134,140,114
profile11,date8,138,275,135,296,202,238,264,158,141,204,120,170,299,229,184,234,142,248,153,138,181,145,159,181,338,158,228,332,300,157,202,106,188,310,153,183,234,182,194,185,303,180,87,203,145,217,185,146
profile79,date6,73,33,32,46,77,15,19,99,39,60,51,85,41,27,26,46,75,9,81,8,83,45,17,29,92,33,67,30,96,43,34,14,88,30,15,48,99,49,66,91,65,54,88,16,62,81,40,38
profile1,date3,108,128,54,123,135,117,57,61,50,143,37,84,109,99,147,147,105,39,80,150,46,123,87,135,75,131,18,100,181,53,109,173,24,133,133,83,59,23,77,49,128,103,105,155,91,58,133,131
profile51,date5,61,79,164,95,83,180,122,134,123,135,69,70,55,150,98,105,50,87,73,132,37,80,79,71,74,37,73,58,120,125,179,138,25,154,123,188,30,129,147,135,105,76,156,132,114,94,168,66
profile11,date5,33,78,61,4,21,20,94,57,14,1,82,61,24,39,87,1,30,43,90,50,51,44,1,36,33,90,47,70,61,8,24,69,95,31,22,44,23,67,49,67,37,94,62,57,13,68,13,0
profile7,date6,44,114,18,118,68,105,133,73,48,167,163,131,104,110,65,91,100,62,80,42,15,54,69,132,99,34,79,175,155,99,100,152,156,101,153,120,29,111,102,153,36,42,53,56,101,90,29,93
profile68,date8,44,5,24,84,5,26,38,3,10,15,52,86,46,38,13,46,15,33,15,75,23,26,86,15,66,89,17,70,96,96,2,6,75,95,69,20,40,95,25,17,95,38,45,72,92,38,24,28
profile93,date5,82,128,101,53,147,77,119,92,76,82,96,68,55,105,36,73,131,136,31,65,141,136,60,131,117,104,85,112,128,157,74,132,7,139,66,104,65,68,89,8,103,159,47,126,98,156,89,74
profile84,date8,21,84,81,0,82,54,57,96,76,17,43,37,69,75,81,5,75,66,53,77,52,98,98,34,46,37,46,71,41,11,14,81,79,76,54,38,48,21,40,41,39,98,39,98,69,51,49,38
profile35,date7,107,97,63,64,21,129,138,40,58,35,126,94,53,139,50,86,121,89,70,71,189,96,5,136,73,68,128,164,141,78,148,130,143,74,44,48,46,93,127,80,77,169,132,115,89,18,164,129
profile30,date0,51,71,44,12,48,52,2,32,26,97,22,5,86,73,86,32,71,68,49,91,80,71,66,71,32,60,68,22,4,22,64,88,61,88,5,31,60,7,73,50,52,4,64,3,88,54,1,76
profile54,date3,142,66,70,87,100,119,51,106,61,192,86,105,69,137,118,103,147,38,109,83,148,78,79,93,180,154,92,75,94,57,53,93,34,99,52,131,110,94,60,109,179,129,52,50,27,64,92,181
profile53,date9,145,130,145,122,173,149,179,202,173,139,75,57,160,152,130,136,223,153,171,180,116,142,78,116,239,153,190,72,156,52,110,109,99,155,80,211,202,94,146,151,95,181,240,118,231,133,159,208
profile29,date2,58,160,142,99,170,164,132,150,172,95,110,219,167,189,104,110,217,113,95,125,193,163,155,190,164,104,121,112,61,201,199,50,190,201,147,124,105,107,221,163,53,157,123,175,152,82,184,193
profile55,date7,121,209,107,145,121,103,93,219,110,237,111,203,116,110,184,187,145,201,156,159,148,177,104,112,128,92,58,85,177,128,253,181,94,111,147,171,149,156,160,187,177,141,194,131,225,54,83,166
profile9,date0,77,78,44,7,77,8,72,76,73,57,34,47,63,55,57,5,9,62,64,14,71,19,98,48,33,9,75,99,25,58,5,82,18,94,47,95,24,27,63,54,70,81,39,94,2,27,39,93
profile83,date9,84,76,8,96,60,98,21,53,63,3,46,96,18,23,44,2,96,91,56,90,5,36,62,30,96,86,82,43,66,48,90,78,38,10,93,47,92,9,91,9,19,97,49,88,86,9,21,47
profile25,date9,31,54,0,10,60,51,65,69,53,76,30,64,19,88,39,14,59,8,38,69,54,65,82,46,7,98,99,74,98,68,45,41,33,95,71,54,44,49,5,83,14,33,15,45,42,14,54,36
profile71,date8,62,103,101,29,151,139,129,78,54,112,85,44,139,71,169,132,99,85,136,125,75,84,159,80,84,141,155,149,61,111,31,140,106,55,143,37,95,122,119,143,129,105,70,83,139,131,98,91
profile27,date0,150,97,128,106,85,68,157,137,66,36,101,81,37,115,118,118,71,1,132,181,113,33,99,82,116,114,134,94,77,114,79,80,162,128,66,60,65,182,122,12,116,66,129,113,152,113,132,132
profile82,date9,62,29,47,16,59,69,89,92,28,97,21,39,32,17,94,69,43,34,12,75,92,30,34,37,48,28,96,71,98,90,74,27,33,49,26,79,68,22,97,50,48,79,25,86,33,80,58,58
profile73,date3,177,89,124,65,140,87,117,194,132,187,116,144,48,114,93,115,100,80,112,21,134,48,70,41,98,68,105,71,50,89,113,67,120,145,127,117,88,86,110,84,119,142,111,70,108,111,83,4
profile50,date3,74,114,149,18,62,152,152,20,68,131,17,168,124,44,93,69,38,28,34,176,118,87,72,89,161,116,8,158,139,35,62,140,135,59,96,136,124,177,121,132,54,12,80,82,142,59,10,79
profile97,date3,72,137,105,51,82,76,100,167,195,119,49,65,120,147,83,164,42,94,190,140,95,27,114,58,166,39,61,63,120,62,116,104,97,101,141,112,106,50,129,46,40,44,103,90,127,121,80,89
profile35,date5,136,90,169,168,142,93,113,93,90,119,45,125,30,37,170,76,154,78,109,138,34,104,78,157,129,153,173,95,79,90,112,118,130,128,132,104,114,74,147,104,76,158,139,74,100,86,86,119
profile44,date5,24,74,51,7,27,74,66,9,60,26,18,65,70,91,47,22,24,22,43,10,0,14,8,58,76,77,18,70,77,66,89,91,37,45,59,10,24,10,7,56,39,2,53,28,70,84,4,22
profile99,date2,90,118,62,135,90,124,121,125,83,33,79,88,164,109,103,93,119,65,12,69,47,65,12,20,104,84,44,135,85,56,85,71,136,101,106,80,43,80,118,100,97,156,109,123,35,115,88,134
