PROFILE,VALUEDAY,VAL0000,VAL0030,VAL0100,VAL0130,VAL0200,VAL0230,VAL0300,VAL0330,VAL0400,VAL0430,VAL0500,VAL0530,VAL0600,VAL0630,VAL0700,VAL0730,VAL0800,VAL0830,VAL0900,VAL0930,VAL1000,VAL1030,VAL1100,VAL1130,VAL1200,VAL1230,VAL1300,VAL1330,VAL1400,VAL1430,VAL1500,VAL1530,VAL1600,VAL1630,VAL1700,VAL1730,VAL1800,VAL1830,VAL1900,VAL1930,VAL2000,VAL2030,VAL2100,VAL2130,VAL2200,VAL2230,VAL2300,VAL2330
profile63,date0,35,93,81,43,10,65,96,55,90,62,55,95,65,99,32,26,92,95,89,88,47,38,18,58,69,42,34,21,14,96,44,86,78,41,65,63,44,44,11,74,27,26,36,82,25,61,9,83
profile77,date4,92,71,35,48,35,24,48,74,12,99,27,24,41,39,47,97,46,89,69,57,82,71,22,64,45,89,25,3,4,12,89,7,5,22,64,50,96,1,7,92,5,70,26,59,7,78,44,88
profile59,date8,58,27,98,42,53,65,0,25,57,14,51,39,53,52,36,24,50,66,92,33,59,59,18,81,88,79,76,12,48,57,76,63,11,85,76,95,72,11,98,5,40,28,82,15,12,26,50,12
profile38,date2,70,83,99,66,65,11,63,95,68,61,35,14,44,38,70,50,53,99,39,44,71,69,70,99,69,98,10,24,44,22,29,73,7,96,33,58,42,3,4,10,97,54,95,56,39,68,43,90
profile34,date3,86,161,144,157,117,193,194,174,160,189,226,117,42,162,181,199,185,185,150,76,72,233,133,225,80,133,169,123,83,154,150,56,187,236,177,227,121,97,171,174,152,178,171,122,160,134,102,146
profile47,date0,92,91,75,55,52,46,80,96,12,38,12,12,32,15,10,34,66,76,21,34,17,91,52,1,78,16,58,94,46,33,31,55,26,94,98,51,15,38,25,85,29,50,3,43,3,8,60,98
profile39,date5,36,71,20,2,98,14,67,20,60,83,18,51,66,82,22,15,17,56,99,25,14,62,83,43,29,16,88,69,1,40,56,86,57,52,96,85,20,79,17,59,46,52,31,38,88,76,23,37
profile42,date6,94,215,145,164,278,240,218,170,101,140,150,126,186,159,126,166,122,157,109,114,177,160,70,93,139,139,59,77,80,143,107,221,97,185,209,130,169,207,85,215,170,49,164,45,231,117,82,143
profile96,date6,187,93,77,108,138,151,125,84,171,135,205,186,238,158,175,173,166,110,147,92,119,78,152,109,228,243,134,129,199,129,84,269,170,170,172,132,138,193,131,163,211,140,147,94,107,94,182,239
profile84,date7,44,3,50,87,39,0,57,45,38,27,8,97,37,35,89,31,12,32,0,26,96,92,86,21,80,24,97,75,33,72,67,45,11,23,88,42,47,66,75,6,67,88,93,75,76,7,40,26
profile7,date5,38,45,18,65,41,81,55,79,97,52,87,43,67,1,78,58,78,92,10,6,16,37,49,24,17,34,25,69,54,45,81,11,21,4,54,32,51,49,15,17,14,26,87,54,6,19,86,8
profile33,date1,46,26,50,81,90,10,50,27,60,80,95,78,15,31,84,87,9,98,11,3,84,77,15,23,77,37,26,41,73,14,6,62,31,39,38,68,14,73,84,52,76,57,25,20,25,32,85,71
profile48,date9,92,79,186,108,51,94,137,103,144,21,85,115,13,7,117,64,103,152,156,90,125,47,65,138,48,135,95,170,85,61,66,91,88,117,56,101,129,139,110,184,151,53,174,109,74,75,110,94
profile84,date1,95,118,126,94,149,125,146,151,142,86,73,89,36,102,152,70,103,57,183,184,68,124,100,47,30,97,104,45,116,87,86,92,118,84,75,72,19,22,119,123,61,157,78,100,105,86,63,150
profile68,date7,85,60,90,39,14,32,75,49,59,54,22,39,54,65,97,86,13,6,16,19,14,32,57,36,83,32,95,4,95,84,8,80,58,0,81,95,84,89,82,82,70,72,64,13,79,35,65,45
profile76,date1,5,3,14,46,87,54,14,15,15,50,71,58,11,96,80,37,20,59,11,79,33,5,29,91,16,72,46,82,73,31,88,38,52,61,19,61,43,52,92,85,10,95,79,25,28,63,27,82
profile77,date0,105,94,127,60,182,122,134,18,90,111,95,82,22,44,79,49,109,134,114,77,58,48,165,22,13,55,44,105,33,107,43,97,90,169,28,44,61,95,79,144,155,38,94,89,139,121,79,177
profile14,date9,55,95,37,79,85,59,68,65,59,41,54,44,11,12,22,6,39,96,97,82,90,32,10,52,84,72,99,79,78,74,18,66,90,8,60,97,19,42,17,80,62,86,90,36,13,2,5,37
profile39,date6,78,186,126,104,129,178,210,106,234,227,174,53,213,69,220,146,159,147,166,105,67,182,148,147,209,78,212,277,131,97,99,169,134,133,140,207,176,78,53,106,150,100,144,135,226,150,48,161
profile15,date8,38,44,81,83,91,75,68,90,40,96,66,73,22,4,45,84,26,33,14,96,55,20,79,26,18,85,0,29,29,83,59,84,10,7,36,17,41,39,29,37,21,36,48,3,27,61,74,76
profile15,date0,254,250,252,316,219,80,231,175,152,191,74,189,153,179,187,147,137,188,282,176,182,333,229,248,227,144,186,96,152,174,288,162,138,110,162,192,237,196,294,151,109,230,142,253,299,245,156,213
profile96,date2,160,269,270,145,272,172,204,158,112,90,210,162,257,140,239,312,98,128,257,192,218,156,305,152,144,176,346,259,149,156,219,136,193,213,256,210,266,205,208,222,215,191,193,198,113,234,276,230
profile61,date8,196,224,294,90,261,151,120,122,191,151,212,152,277,191,162,211,89,75,199,198,118,197,142,223,138,285,211,205,154,170,201,170,156,204,168,102,164,171,181,169,197,229,254,155,345,144,198,53
profile10,date9,65,62,50,29,27,44,49,51,27,92,9,85,60,26,13,84,36,87,8,48,93,63,88,78,66,76,19,37,7,76,31,28,79,32,58,77,66,43,46,86,28,26,40,84,93,81,74,40
profile35,date6,57,91,94,66,69,48,89,83,131,126,119,59,39,138,60,62,103,50,81,65,85,152,136,49,92,90,58,56,119,77,105,149,11,155,47,105,106,123,54,174,74,79,155,99,64,118,82,144
profile79,date7,77,169,89,12,48,83,184,85,96,17,49,127,107,55,68,85,127,98,168,174,73,14,119,58,127,91,78,91,99,79,76,77,68,104,195,136,83,145,120,97,47,133,168,122,12,121,55,97
profile47,date9,34,29,61,75,84,71,64,85,73,44,37,89,68,97,92,97,45,50,13,0,57,5,3,84,78,39,32,52,85,54,31,29,44,17,86,81,25,77,44,83,49,40,98,13,66,0,55,35
profile39,date4,179,30,46,95,105,100,113,151,102,186,25,96,153,148,62,65,112,85,76,73,113,165,133,79,72,65,163,105,94,174,80,87,161,45,104,113,133,126,30,91,121,124,136,147,96,123,150,92
profile76,date2,6,22,2,59,24,35,15,16,63,82,34,8,3,5,95,70,24,21,85,37,46,26,2,63,35,84,26,72,26,64,90,49,99,16,73,7,53,93,26,77,7,6,85,23,92,73,83,99
profile61,date7,151,48,159,77,102,84,112,69,159,50,105,81,151,82,137,67,58,112,116,119,70,78,83,122,114,172,106,48,125,60,28,123,29,152,87,55,109,81,94,51,121,90,82,112,103,175,95,103
profile89,date7,107,111,93,59,96,85,140,52,175,137,98,89,88,78,50,175,65,32,111,85,150,50,112,144,161,154,137,176,112,80,43,26,81,94,119,76,126,120,77,43,69,77,103,92,132,105,123,102
profile94,date6,85,66,12,58,38,32,62,21,95,1,14,19,74,44,37,55,83,98,14,84,47,83,71,17,66,89,82,77,21,56,23,67,99,43,50,89,39,48,29,33,47,31,53,30,68,15,6,79
profile12,date0,162,129,101,92,155,167,95,62,58,88,72,52,72,153,152,87,93,61,139,70,92,164,146,110,98,61,132,102,50,125,51,63,39,50,74,64,37,101,71,129,39,120,146,164,124,142,144,61
profile34,date0,105,147,130,95,128,168,96,129,99,50,85,145,22,71,133,158,77,20,33,17,114,49,93,158,132,62,102,117,129,133,66,114,175,69,117,151,118,132,126,91,66,131,104,111,34,67,99,119
profile28,date9,103,108,128,154,68,114,75,130,98,160,188,49,65,182,86,91,95,35,58,68,129,168,26,108,113,110,103,158,153,166,55,144,98,119,78,150,79,52,126,23,45,114,187,119,81,106,35,38
profile86,date8,0,16,92,59,86,7,69,41,48,13,92,26,15,38,60,57,52,57,56,38,30,98,60,58,5,69,8,87,74,14,45,45,69,73,27,35,21,86,95,37,64,7,38,12,39,11,50,25
profile81,date6,12,18,36,49,17,13,54,94,0,70,71,16,94,68,69,50,95,9,17,59,70,2,76,99,76,44,5,13,55,8,71,66,48,97,87,94,73,31,76,24,12,48,31,44,19,23,93,21
profile94,date3,42,42,21,89,38,82,3,96,81,18,81,31,82,5,81,74,63,81,84,50,19,54,71,70,91,0,56,85,76,57,28,44,7,25,31,64,37,59,20,26,76,85,20,19,74,97,46,1
profile85,date6,87,74,48,51,77,5,54,58,59,79,54,93,47,84,80,61,7,94,12,36,25,4,44,23,44,27,10,12,36,10,68,93,44,37,25,25,82,30,61,84,41,7,8,79,27,16,87,10
profile48,date7,25,60,54,4,97,18,9,38,89,80,54,67,25,65,94,64,17,89,13,54,38,98,49,31,16,7,0,15,61,88,70,27,75,96,77,19,7,43,35,56,18,92,90,17,62,88,80,67
profile15,date9,107,13,149,163,104,150,103,92,39,23,82,108,108,134,50,96,140,124,88,60,138,63,88,159,54,35,75,129,106,127,120,130,58,48,64,35,38,57,119,31,133,77,170,45,50,26,83,152
profile57,date8,87,106,124,109,149,135,164,134,119,114,119,181,197,120,105,160,124,162,173,160,182,234,177,110,179,212,174,232,226,183,79,208,190,112,119,211,42,93,166,191,155,210,164,249,201,188,129,254
profile49,date7,132,83,149,147,93,110,86,74,78,119,108,109,74,87,46,63,141,124,45,142,56,107,1,96,65,161,58,78,58,132,12,81,29,76,56,19,129,102,116,129,71,95,76,87,100,100,22,153
profile25,date4,2,83,17,83,86,51,49,54,23,50,14,59,95,44,47,7,62,8,58,41,26,40,4,68,43,97,11,24,57,23,65,22,67,10,4,28,22,88,33,98,91,11,57,2,78,72,68,33
profile59,date0,266,142,213,148,100,258,135,265,145,70,121,129,89,92,142,118,175,103,141,126,220,153,233,114,97,189,197,132,169,87,86,147,75,101,104,170,177,135,96,155,120,79,62,242,106,176,108,178
profile10,date3,152,62,192,116,90,154,135,201,107,115,75,116,115,94,288,175,133,147,210,152,206,212,191,125,154,118,181,96,112,117,93,219,107,105,69,197,166,185,216,226,138,158,131,105,228,83,198,81
profile40,date5,48,73,75,65,73,116,45,57,140,109,98,65,42,124,160,82,162,119,48,34,45,90,125,115,129,73,86,25,64,184,130,84,24,79,93,49,59,88,160,88,115,122,87,73,45,78,117,67
profile92,date7,179,230,338,221,322,215,248,237,248,310,256,245,318,289,280,278,172,145,238,234,145,214,248,229,290,197,306,275,375,184,287,240,226,158,302,366,204,249,189,196,196,310,251,301,249,304,276,247
profile82,date7,170,156,42,28,110,138,117,62,47,52,131,51,109,130,66,95,81,139,42,37,59,39,86,102,107,136,140,72,87,74,70,143,140,179,50,92,76,95,96,153,117,123,163,54,116,67,116,95
profile60,date7,86,46,59,49,98,53,52,29,72,53,47,28,73,73,82,86,98,8,58,90,53,90,76,83,4,98,3,24,80,16,24,17,70,44,86,90,78,45,76,66,70,53,32,12,30,78,45,34
profile16,date4,6,99,80,89,28,8,69,44,54,41,32,36,94,67,84,60,14,78,63,52,39,61,76,41,69,31,3,59,12,49,72,94,10,40,44,46,92,23,48,73,91,78,56,70,20,49,77,43
profile44,date8,54,46,43,33,75,99,92,49,98,60,41,80,75,46,37,14,70,7,22,54,99,25,93,98,59,26,90,1,0,74,13,67,78,76,66,72,95,0,70,45,77,38,2,70,94,9,1,53
profile54,date2,35,1,81,75,13,52,7,30,80,83,6,73,12,29,28,28,71,95,59,67,14,64,85,27,9,43,31,93,28,37,56,87,62,55,98,39,37,72,21,21,72,45,15,12,55,2,17,81
profile44,date7,12,82,45,11,40,98,63,63,11,59,5,8,33,70,80,65,47,59,62,77,72,98,30,13,91,89,95,51,46,31,40,10,12,42,4,66,36,90,40,64,26,25,39,3,60,36,57,79
profile92,date3,75,41,76,36,6,65,19,72,21,9,55,64,23,35,3,88,12,93,33,42,30,37,53,56,70,6,20,5,24,59,21,37,25,3,42,82,15,39,23,0,67,79,81,98,18,11,18,63
profile74,date0,82,18,32,56,57,85,81,41,50,38,37,55,87,32,35,18,25,88,14,72,91,42,90,98,89,57,13,49,17,18,78,36,88,69,30,66,71,82,80,48,29,31,60,48,81,63,75,65
profile71,date2,77,0,61,76,5,65,62,78,79,41,28,40,87,26,42,63,50,17,52,91,27,65,1,27,91,48,94,78,81,33,42,7,67,93,32,26,72,75,30,34,2,36,68,32,24,65,21,90
profile46,date4,99,43,80,29,93,63,54,13,39,81,35,93,63,51,77,43,89,10,75,91,8,3,16,62,29,97,62,33,42,46,41,34,2,85,75,36,53,67,81,47,84,83,80,55,19,28,93,94
profile18,date6,59,72,0,41,94,13,90,91,1,71,5,51,56,1,98,39,79,93,52,70,35,99,74,53,3,11,32,44,53,96,22,38,30,87,85,88,15,67,41,74,95,42,98,91,18,77,5,62
profile46,date7,36,5,68,82,93,31,25,70,69,41,30,95,4,45,52,31,23,12,92,76,75,15,15,17,13,74,46,41,81,30,87,93,76,75,92,12,21,49,94,82,9,41,38,22,85,56,31,18
profile73,date4,155,178,96,178,137,99,135,112,183,118,183,179,162,80,130,201,246,137,175,202,171,266,98,171,156,182,84,214,169,147,179,239,149,138,264,99,162,91,200,92,130,153,160,229,177,213,166,178
profile1,date4,56,90,51,57,7,14,58,38,50,43,61,92,35,8,42,34,66,95,56,16,25,2,20,42,75,82,67,34,58,82,68,24,1,34,47,1,91,99,97,68,36,80,87,46,77,68,27,58
profile44,date6,74,74,34,50,97,53,5,6,47,71,46,32,67,45,50,53,47,0,0,87,59,61,59,18,24,99,11,19,54,22,6,54,47,84,25,91,71,48,77,13,38,77,0,18,0,24,13,24
profile61,date4,59,56,112,75,102,32,103,117,160,85,35,170,154,31,152,67,88,166,53,25,116,103,109,42,51,104,97,116,101,67,175,36,94,99,55,166,79,59,79,187,78,39,62,89,80,56,86,101
profile51,date9,96,111,37,90,112,51,41,145,73,68,71,58,105,116,23,100,107,79,134,102,74,133,156,114,110,185,114,126,14,44,106,77,58,53,147,80,27,69,59,119,113,175,79,34,23,106,104,35
profile79,date1,54,13,3,73,63,12,81,55,29,91,38,0,19,22,68,14,57,74,53,95,13,43,21,31,72,78,74,56,51,72,69,92,72,33,72,30,94,16,14,74,2,47,20,97,34,53,98,80
profile80,date5,153,144,162,82,165,136,86,134,144,146,142,69,43,77,109,50,85,97,169,113,104,156,68,39,132,75,79,104,66,55,64,32,107,101,127,152,86,145,86,137,13,187,143,88,26,99,133,95
profile73,date2,66,9,56,25,76,92,91,26,41,23,12,84,4,71,78,6,12,98,82,49,98,75,67,86,50,42,97,78,13,58,74,38,95,13,61,41,76,25,65,17,81,19,94,66,32,82,7,61
profile44,date9,185,106,199,172,142,255,134,169,140,182,55,69,137,109,213,254,127,172,164,75,108,172,151,200,170,197,194,212,135,176,58,121,116,204,173,149,73,177,142,217,169,155,229,260,149,170,233,138
profile29,date6,81,179,111,25,97,110,41,70,165,103,74,110,124,119,34,82,130,13,69,109,135,101,127,51,67,185,83,31,50,164,99,73,31,34,66,173,96,136,95,124,84,149,72,80,107,95,128,94
profile76,date6,68,2,9,44,4,70,50,94,73,89,31,21,52,5,25,89,63,50,95,69,74,47,56,15,7,74,4,87,35,33,41,7,29,9,81,52,24,28,97,45,40,80,80,85,6,78,58,75
profile45,date5,86,71,38,2,8,88,53,95,79,89,70,17,95,62,96,22,79,80,46,77,91,97,52,5,73,7,79,92,96,24,53,38,42,56,15,93,9,53,33,77,89,15,70,41,48,84,2,80
profile35,date4,48,8,73,81,44,95,9,34,2,93,87,5,60,71,45,37,83,34,85,82,26,13,75,47,32,53,80,42,90,19,17,29,95,53,91,1,40,11,67,79,4,69,2,54,97,63,58,85
profile26,date7,91,11,56,35,79,39,48,12,3,60,56,86,36,75,28,48,14,87,25,73,52,53,94,94,84,59,73,2,34,30,44,73,94,70,80,22,56,66,79,47,32,86,42,6,31,18,7,88
profile56,date5,221,41,222,165,146,168,176,197,224,154,74,187,114,150,131,180,146,183,159,99,210,154,95,222,243,173,273,130,70,173,92,153,158,100,203,196,129,155,130,105,210,169,106,147,189,189,79,127
profile6,date7,90,165,113,112,153,80,80,103,38,67,134,139,25,151,139,154,63,68,143,76,76,75,88,164,160,134,74,22,157,62,115,129,28,72,146,156,109,41,79,56,66,96,64,107,122,143,81,116
profile3,date3,94,14,6,55,80,29,28,25,38,94,36,29,68,84,69,87,63,59,73,2,60,90,81,66,85,10,47,50,4,47,65,48,77,99,70,96,67,89,55,28,26,87,4,31,56,19,48,21
profile99,date5,2,59,70,72,82,68,44,56,50,38,50,20,39,68,87,3,41,36,36,87,66,50,81,82,33,39,60,62,58,12,42,49,24,31,88,36,69,21,40,57,41,7,66,36,18,10,14,94
profile58,date4,105,89,180,244,224,231,183,122,146,87,126,222,113,26,71,88,146,168,136,207,133,143,65,181,107,172,150,188,187,76,98,149,178,127,170,59,147,218,202,120,163,207,158,92,61,184,207,182
profile37,date9,164,218,102,223,121,200,80,101,111,92,247,115,182,125,96,234,150,183,194,134,107,150,165,107,161,194,117,208,225,165,96,114,158,14,90,184,61,157,112,104,129,229,235,227,144,103,133,106
profile21,date2,96,67,105,95,65,159,53,50,68,137,134,50,25,171,106,159,16,114,80,18,100,141,93,62,52,157,98,63,65,94,77,157,166,109,70,60,96,100,140,130,66,106,125,133,77,117,98,14
profile14,date7,94,186,92,162,114,76,107,21,89,110,136,110,67,45,137,84,188,99,80,62,127,144,112,100,147,123,9,52,109,136,114,145,83,40,176,127,112,95,62,159,100,17,123,97,124,132,166,148
profile92,date0,48,72,49,109,62,147,126,142,94,103,140,73,101,85,75,109,43,102,123,131,53,28,56,117,161,102,175,66,110,125,84,153,110,109,88,178,84,64,10,58,131,68,57,90,154,166,64,55
profile95,date8,47,133,13,136,111,92,169,69,157,122,176,131,147,50,140,103,82,88,138,81,91,133,153,82,78,115,84,124,118,172,69,64,55,132,141,100,37,70,45,113,96,119,124,72,48,113,43,96
profile66,date7,173,121,41,70,66,66,134,133,21,68,161,92,105,130,124,91,42,79,23,54,173,111,112,180,87,172,80,41,156,105,18,108,88,113,54,146,66,102,72,157,185,187,98,104,111,71,90,157
profile61,date5,312,200,185,96,258,203,151,149,92,134,245,177,146,111,270,210,214,328,122,178,241,193,260,222,98,169,151,137,218,170,233,204,290,260,218,194,157,261,156,230,235,103,136,222,115,191,277,285
profile31,date9,159,148,105,178,151,158,202,82,76,84,220,161,87,239,141,149,85,138,187,224,179,111,186,117,206,159,163,131,161,50,26,170,101,211,117,240,264,164,182,105,150,111,182,191,141,113,207,192
profile17,date1,132,26,177,104,84,208,129,145,200,134,136,42,111,97,88,156,154,45,131,68,202,134,164,183,157,111,184,139,155,190,140,196,125,163,136,138,182,68,183,100,90,138,54,212,157,119,193,79
profile0,date9,104,145,90,97,114,166,145,65,66,54,171,111,146,135,91,182,105,100,37,106,96,129,61,185,96,62,109,109,103,98,146,127,118,142,70,18,95,109,84,131,88,151,172,127,125,120,131,113
profile51,date2,56,106,33,80,161,161,73,128,134,137,19,65,110,34,128,5,126,59,175,85,69,150,160,47,119,41,130,40,35,99,184,142,45,87,146,172,28,121,136,113,104,162,84,140,158,11,165,67
profile64,date0,35,173,41,123,114,14,100,154,73,69,133,54,86,97,39,169,155,62,90,106,124,144,145,52,76,125,120,64,95,118,178,122,114,81,105,102,189,56,61,58,112,81,35,122,129,138,57,104
profile37,date0,57,62,68,83,97,52,63,32,40,73,65,59,65,70,73,67,99,6,20,57,95,95,3,8,57,56,40,37,45,25,72,24,93,17,37,6,62,6,31,15,53,68,85,95,79,83,47,17
profile40,date8,64,24,16,1,69,64,28,47,92,93,35,41,76,15,8,92,51,78,92,71,61,14,87,71,13,5,1,52,38,80,61,79,51,92,94,31,17,87,46,80,31,54,49,66,42,68,22,88
profile96,date5,106,32,86,119,77,112,19,65,83,134,104,100,79,126,145,39,130,91,51,90,116,176,2,61,64,101,111,140,134,134,157,122,67,67,137,150,111,107,140,115,112,107,91,112,155,28,46,112
profile38,date4,55,32,48,36,70,84,16,50,40,90,44,90,42,66,84,72,50,74,55,58,90,1,13,23,53,37,14,91,78,66,55,23,82,15,27,83,16,94,21,23,43,35,25,92,96,35,33,16
profile83,date8,57,69,8,22,44,90,78,54,1,90,67,69,83,94,6,73,52,9,29,59,14,15,66,30,96,23,90,61,47,75,66,47,95,32,67,59,63,49,18,26,12,61,58,77,95,5,51,32
profile36,date5,13,15,54,56,64,79,93,76,30,72,78,77,84,18,19,37,43,9,76,81,93,80,26,78,99,99,91,65,50,13,2,18,64,24,19,56,70,44,74,1,41,74,29,5,69,87,31,78
profile86,date9,218,86,153,33,90,94,158,120,136,138,16,82,127,165,221,201,205,108,166,192,201,171,167,224,114,17,187,100,178,127,115,108,80,111,66,95,180,189,85,95,116,102,144,152,93,123,179,168
profile99,date6,57,16,95,27,52,14,65,80,21,43,7,74,23,17,93,96,95,59,68,91,80,95,20,82,55,15,37,65,56,12,99,13,92,13,90,10,5,59,45,10,88,3,85,59,62,94,11,72
profile9,date1,2,67,83,63,26,84,93,65,73,85,9,96,43,11,92,46,21,79,46,41,40,98,73,69,86,82,6,34,49,54,88,4,1,49,77,71,60,55,51,3,85,60,60,0,92,25,35,47
profile30,date5,46,6,72,70,69,17,96,49,40,21,19,12,19,40,85,72,24,36,28,18,85,9,78,33,26,92,95,88,12,91,84,58,51,86,32,25,50,29,77,98,60,78,31,98,21,98,34,99
profile65,date2,4,28,98,65,94,14,31,50,94,94,84,20,29,74,89,35,69,22,55,72,72,1,57,46,37,55,80,42,79,19,67,94,33,43,19,91,35,30,63,33,68,86,20,62,13,13,4,50
profile69,date2,13,18,38,48,44,87,50,48,53,55,47,33,96,85,2,53,7,50,83,75,85,21,30,58,80,85,18,99,32,99,91,84,34,95,51,67,66,36,81,81,1,24,68,88,22,83,55,85
profile30,date6,110,135,157,128,28,111,162,40,71,168,57,107,93,35,125,93,136,107,102,83,32,175,145,43,24,149,119,138,118,73,156,98,70,126,109,63,97,56,80,45,78,40,150,144,79,77,129,114
profile59,date3,84,62,31,54,55,35,83,93,73,83,33,32,19,62,3,12,0,98,24,6,11,98,79,79,86,34,73,87,3,20,42,85,83,1,31,16,5,90,24,71,41,39,70,81,27,29,4,31
profile96,date0,38,8,73,31,45,58,90,11,53,33,89,39,6,25,33,8,52,19,56,86,18,89,5,88,2,3,58,63,90,94,55,50,9,24,9,31,88,3,30,72,51,22,8,6,52,22,61,67
profile17,date5,98,63,91,17,61,17,71,41,43,33,99,75,56,46,91,17,8,42,78,24,20,26,92,6,46,11,53,16,61,13,11,26,2,89,12,27,34,13,44,31,80,77,34,24,1,22,5,17
profile72,date0,16,84,57,91,87,1,60,51,97,5,69,79,58,60,8,88,43,67,13,15,63,87,22,50,3,47,47,28,80,92,18,20,52,25,60,64,5,73,83,25,22,75,80,27,64,49,2,56
profile85,date1,50,31,87,45,76,70,59,77,55,75,92,42,18,98,88,46,31,28,61,95,89,19,40,54,78,91,82,64,52,10,10,3,62,58,11,99,82,16,19,58,45,34,50,83,27,26,74,6
profile82,date6,55,88,36,81,53,73,27,39,21,53,55,41,51,73,74,14,7,47,57,21,91,93,5,15,21,64,36,49,4,12,35,89,94,77,53,50,79,74,6,65,4,56,97,39,66,71,92,33
profile20,date6,13,71,41,95,79,92,74,3,41,20,93,89,48,15,23,30,87,60,57,34,30,96,28,18,84,68,59,23,51,16,57,9,92,48,20,13,29,93,38,21,40,69,42,49,39,45,91,71
profile2,date3,27,49,16,85,85,79,48,86,75,25,8,92,62,26,2,7,90,87,99,25,76,70,59,50,81,89,11,74,2,83,55,67,15,98,50,32,5,33,19,32,33,14,90,62,82,29,88,41
profile71,date6,89,90,99,93,82,56,73,73,56,29,65,52,80,73,64,39,34,78,16,51,24,69,29,59,24,41,64,18,94,35,19,13,42,44,86,55,99,49,89,55,29,68,50,95,52,5,49,62
profile77,date5,189,209,209,183,285,176,230,275,232,200,157,167,260,171,217,102,212,85,158,279,190,93,246,163,155,205,193,244,242,79,261,145,188,138,322,250,232,306,182,289,170,146,194,223,216,288,249,163
profile65,date7,228,146,140,178,252,212,100,96,120,127,56,105,108,170,80,102,161,115,258,144,180,171,51,208,215,145,78,176,181,192,153,172,193,213,136,135,90,97,127,106,105,164,86,96,137,233,212,203
profile31,date3,186,278,189,242,138,175,239,123,224,262,209,220,127,181,99,137,179,171,202,114,148,206,200,216,166,260,269,232,150,204,204,158,126,189,243,270,156,221,115,164,135,258,125,295,221,184,169,325
profile37,date3,41,67,23,2,33,83,82,39,90,72,41,51,32,91,55,25,10,79,42,34,12,7,15,87,59,33,17,36,14,14,0,20,77,75,66,36,37,33,26,46,64,85,85,74,2,12,10,48
profile45,date6,56,97,42,80,38,57,51,40,48,93,64,47,46,87,63,79,15,17,94,74,72,84,5,24,82,32,66,51,52,24,69,42,31,86,33,48,27,12,6,29,31,90,88,62,26,68,30,2
profile74,date2,40,22,41,65,8,15,85,55,82,14,42,61,69,40,13,40,84,27,41,89,78,73,62,68,50,24,92,90,49,29,59,58,97,47,56,93,85,97,27,44,42,76,39,67,23,24,64,25
profile25,date5,40,31,7,61,85,97,39,3,75,12,42,52,71,15,53,13,27,30,66,76,3,10,79,51,43,26,50,31,55,58,25,27,18,9,95,62,60,68,89,16,68,68,75,12,33,57,99,19
profile91,date4,64,67,134,35,109,19,79,82,53,77,66,99,161,55,145,116,176,99,38,85,152,100,33,126,177,109,137,65,130,104,119,97,141,102,49,82,143,82,190,95,121,138,104,105,111,135,123,78
profile2,date8,12,28,91,34,32,66,95,61,37,36,7,47,98,96,45,68,42,86,9,83,33,46,54,22,68,19,53,98,98,87,1,42,93,51,50,60,74,63,57,30,93,24,28,28,17,90,31,60
profile12,date5,21,35,83,16,0,58,93,92,20,82,17,60,82,66,15,47,1,64,66,77,81,91,23,60,86,49,28,55,59,24,62,23,57,25,49,23,20,31,43,66,56,78,40,5,12,52,25,70
profile28,date8,53,67,93,79,56,29,67,76,20,22,91,70,14,84,77,7,95,85,23,37,87,0,24,65,8,66,79,43,80,29,30,61,8,7,49,45,89,76,89,90,89,5,13,91,23,5,16,14
profile38,date9,68,83,57,4,6,72,44,14,92,11,31,10,97,9,8,2,82,38,26,53,4,71,67,58,53,81,66,67,15,59,53,57,45,18,23,80,28,64,14,74,21,90,97,93,14,96,29,24
profile60,date5,52,54,40,53,83,79,59,37,46,72,37,41,43,17,83,43,31,72,18,35,13,58,70,85,44,46,94,25,55,16,15,48,9,40,19,40,61,42,64,13,25,14,2,51,84,89,66,56
profile54,date1,20,69,70,46,80,95,32,68,9,46,49,25,67,44,97,62,84,90,56,2,37,90,98,62,8,12,89,33,61,54,36,1,76,78,10,40,33,76,91,83,16,60,79,61,4,20,41,53
profile50,date0,60,84,73,25,21,64,69,95,78,2,37,52,37,55,40,75,61,89,17,70,31,46,46,46,31,49,13,93,69,35,32,94,52,45,16,80,40,11,65,8,31,10,99,61,94,71,8,66
profile76,date8,27,150,101,159,106,98,117,134,60,81,32,103,64,123,135,91,101,74,171,91,66,31,87,82,114,65,48,67,148,61,99,123,49,156,152,144,108,76,128,73,118,105,120,85,121,119,75,89
profile17,date2,201,123,138,184,205,114,176,157,165,83,138,215,174,111,104,251,66,148,193,42,91,226,84,195,39,146,106,106,136,112,152,123,166,136,169,154,210,143,131,100,77,90,140,124,206,108,231,111
profile45,date8,6,87,35,66,52,35,66,87,51,40,95,52,74,67,93,1,27,80,17,35,45,10,62,31,78,43,68,38,88,21,7,49,88,92,1,22,35,12,56,50,28,0,34,23,50,77,27,38
profile0,date2,94,118,56,128,125,145,139,62,108,99,99,65,142,155,94,90,127,38,118,114,149,49,124,100,92,25,74,82,118,143,127,113,59,54,72,43,45,103,128,62,140,140,57,91,132,149,75,53
profile82,date5,46,84,46,141,157,131,119,164,60,64,114,116,27,26,60,45,71,121,99,69,109,69,74,91,131,75,33,61,137,37,46,81,127,99,187,149,36,34,81,112,45,103,77,115,64,92,98,116
profile28,date4,61,10,91,62,61,37,21,4,62,66,19,23,52,77,82,44,40,74,62,15,89,7,13,1,88,14,85,95,93,89,15,72,87,23,93,64,22,86,11,19,39,83,7,53,4,38,6,35
profile53,date3,140,129,117,68,105,74,42,10,79,129,90,142,100,128,104,138,36,146,119,107,175,172,116,84,83,83,173,147,117,17,92,94,75,107,128,83,90,195,91,72,106,115,18,85,113,90,141,10
profile14,date6,92,41,29,87,76,95,97,85,42,55,76,21,31,13,56,67,18,0,89,83,55,41,27,29,98,16,84,40,97,88,17,17,60,13,37,35,68,29,7,72,36,40,58,46,46,20,79,48
profile56,date9,51,1,38,90,91,67,74,43,0,30,14,97,25,18,6,34,71,36,7,49,35,55,30,80,45,77,61,8,25,47,89,86,94,5,74,39,2,47,31,30,26,8,2,5,58,36,28,37
profile84,date5,255,238,89,197,211,246,191,231,298,189,269,186,236,186,218,185,176,182,225,208,188,135,234,241,145,273,157,262,197,293,112,300,244,179,251,217,120,187,269,155,284,161,130,188,237,204,253,147
profile16,date0,139,134,131,93,110,130,20,60,135,35,109,109,133,112,104,46,161,88,66,103,106,158,103,143,67,58,114,70,129,98,76,79,113,7,181,87,44,68,44,20,86,112,76,91,127,185,77,59
profile97,date1,85,32,68,51,5,58,3,77,86,75,35,50,14,74,36,69,54,12,33,34,58,40,56,8,26,15,61,8,90,78,3,92,62,9,47,46,28,48,90,44,8,57,89,88,34,17,80,20
profile95,date5,11,32,30,1,42,72,80,52,42,63,21,16,19,16,44,70,12,41,66,57,95,53,85,87,84,69,26,22,47,19,66,72,1,35,87,23,14,77,3,32,25,96,41,19,59,37,7,22
profile33,date3,89,16,31,31,43,74,82,17,22,74,81,19,7,78,20,41,99,84,72,7,94,95,9,83,51,14,58,31,25,59,10,32,93,40,86,81,24,4,24,53,82,0,15,36,26,38,21,66
profile45,date2,186,41,121,87,59,121,160,88,65,53,77,118,67,85,109,70,124,135,148,44,65,78,116,91,73,141,145,100,91,59,89,142,103,139,76,114,132,41,96,135,174,84,42,123,150,54,87,85
profile40,date9,41,126,192,165,157,137,141,204,108,108,208,54,117,177,92,221,181,114,132,24,162,215,198,124,187,209,107,164,136,213,173,172,176,186,188,117,113,219,84,210,118,184,56,159,111,169,105,133
profile23,date0,47,72,97,86,31,1,44,90,49,67,0,9,40,67,44,9,39,63,83,61,92,10,37,26,88,21,60,51,79,52,34,39,44,67,19,28,37,65,33,81,18,63,0,45,59,2,99,63
profile64,date4,32,1,91,52,85,49,24,77,29,54,67,93,98,77,63,57,45,80,29,13,4,97,35,37,70,9,90,99,79,42,20,64,70,68,40,78,32,19,71,60,89,42,81,42,41,53,1,69
profile86,date5,59,27,116,108,123,47,165,100,97,115,61,92,128,75,117,130,147,140,102,119,136,114,99,105,79,64,126,88,34,47,122,34,108,96,94,100,40,114,82,99,103,84,166,64,64,160,121,119
profile62,date7,89,79,12,1,20,24,77,1,90,4,13,97,69,18,42,83,17,10,87,66,35,54,40,70,7,92,33,65,31,10,40,31,2,24,25,39,49,7,0,33,85,48,2,41,48,59,89,36
profile52,date4,68,40,68,97,67,84,51,86,54,53,77,73,57,84,21,33,56,35,32,33,25,68,93,7,29,58,6,34,58,79,71,82,97,24,5,24,14,11,48,71,78,22,95,14,1,15,47,15
profile92,date5,22,92,9,25,97,38,80,63,12,46,98,57,25,97,36,55,14,16,44,13,64,44,1,15,20,56,73,66,39,6,48,52,36,15,31,63,34,5,99,19,33,50,37,97,83,83,55,53
profile67,date6,56,77,30,76,22,13,14,42,14,56,75,98,98,25,73,54,4,62,62,83,67,46,32,75,75,73,58,35,31,28,33,48,12,32,39,11,36,25,92,81,92,55,18,93,87,69,51,81
profile54,date9,0,22,99,66,27,10,65,64,16,67,91,98,74,49,76,63,78,7,95,70,47,29,97,76,16,78,34,40,25,60,41,64,98,52,48,80,4,40,64,55,10,63,89,94,37,67,6,45
profile63,date1,90,123,25,102,136,82,121,112,115,82,95,74,86,95,92,28,67,76,149,101,174,112,62,86,134,125,138,31,164,120,36,4,160,194,98,51,23,151,89,136,107,101,1,197,94,77,131,48
profile0,date5,99,17,49,8,34,6,36,41,55,25,92,85,47,51,28,83,57,33,34,97,19,20,61,74,43,49,29,95,78,76,93,55,64,26,99,39,81,28,98,25,90,74,89,93,23,74,40,21
profile4,date9,86,83,4,38,81,49,38,87,84,28,29,1,43,7,13,55,29,51,58,1,51,75,20,10,85,99,41,83,56,62,58,62,58,7,38,84,91,90,99,49,16,5,3,18,2,33,40,81
