PROFILE,VALUEDAY,VAL0000,VAL0030,VAL0100,VAL0130,VAL0200,VAL0230,VAL0300,VAL0330,VAL0400,VAL0430,VAL0500,VAL0530,VAL0600,VAL0630,VAL0700,VAL0730,VAL0800,VAL0830,VAL0900,VAL0930,VAL1000,VAL1030,VAL1100,VAL1130,VAL1200,VAL1230,VAL1300,VAL1330,VAL1400,VAL1430,VAL1500,VAL1530,VAL1600,VAL1630,VAL1700,VAL1730,VAL1800,VAL1830,VAL1900,VAL1930,VAL2000,VAL2030,VAL2100,VAL2130,VAL2200,VAL2230,VAL2300,VAL2330
profile67,date3,151,27,42,131,67,83,129,37,132,91,87,62,78,102,163,80,156,148,144,191,134,169,100,119,132,156,74,124,112,77,12,113,86,151,61,102,169,110,43,63,117,70,166,60,40,154,22,98
profile23,date7,78,90,76,121,62,44,71,127,110,148,79,98,66,37,12,93,100,84,161,133,120,96,120,105,153,55,90,69,92,143,154,136,52,92,54,46,149,70,118,119,121,127,96,38,93,124,183,112
profile29,date1,45,16,9,34,1,12,65,42,54,14,61,3,55,91,73,99,97,50,84,73,15,27,2,82,35,7,1,38,98,21,67,1,28,82,39,54,2,3,9,70,77,47,79,22,88,75,7,3
profile78,date9,56,29,22,62,90,69,56,96,1,61,78,73,94,31,16,33,53,62,81,23,32,3,96,34,20,29,54,19,88,86,87,38,49,88,51,67,30,70,92,58,88,63,94,73,6,85,54,59
profile34,date8,11,86,23,58,7,8,22,36,70,62,13,29,60,43,33,65,78,35,31,84,82,14,94,89,35,22,3,88,58,52,29,94,36,93,99,73,6,54,89,47,43,90,0,65,38,84,35,59
profile15,date3,99,53,45,17,92,72,53,30,17,91,25,5,95,14,59,51,4,28,38,82,95,35,42,77,84,63,62,43,40,32,21,79,68,42,74,59,27,39,38,83,73,56,73,94,46,6,92,10
profile80,date6,20,41,40,36,45,54,89,77,44,51,37,58,46,45,48,17,4,10,13,47,91,48,88,21,96,15,40,91,59,76,68,86,50,31,12,6,69,66,86,64,18,10,26,93,43,27,84,18
profile9,date8,48,91,43,58,27,23,9,77,59,35,61,90,93,35,3,64,41,69,10,97,34,99,23,33,92,17,75,75,22,80,87,81,16,84,17,92,77,14,44,7,59,58,88,4,7,5,5,21
profile0,date6,14,54,74,26,21,80,10,30,50,16,4,22,25,93,49,79,88,30,1,51,54,75,3,28,63,21,16,77,51,42,21,98,52,24,83,37,59,9,99,15,62,16,30,7,98,15,76,13
profile14,date0,157,12,163,175,43,111,80,56,68,134,142,141,105,159,77,114,42,83,100,104,21,37,93,116,141,153,122,150,164,140,106,51,104,137,88,55,86,101,168,38,76,86,113,108,132,154,131,79
profile84,date3,96,42,60,52,51,77,78,69,92,62,42,13,49,85,17,5,21,54,60,58,93,63,78,68,27,24,62,59,65,84,19,26,18,49,1,88,14,49,2,52,36,43,41,54,56,65,78,53
profile89,date2,65,4,30,51,24,58,11,51,70,11,7,13,21,67,47,50,84,70,58,1,86,54,3,14,70,30,29,42,25,76,59,23,63,33,30,80,73,9,40,22,63,70,47,46,86,1,71,56
profile98,date1,144,117,98,123,145,100,61,177,137,58,105,83,138,82,60,99,112,49,31,93,105,93,106,111,5,98,90,188,98,68,51,112,123,111,161,78,40,144,88,129,99,140,91,81,92,122,59,53
profile34,date2,110,172,39,106,82,87,148,128,100,103,171,91,118,98,51,158,151,137,165,108,61,34,113,119,85,96,109,89,21,61,94,161,105,40,121,86,101,104,45,53,129,106,131,151,96,78,113,10
profile6,date5,80,57,72,113,125,54,89,85,68,100,102,19,49,69,136,173,148,91,73,88,119,69,85,118,76,99,142,99,87,20,170,102,123,120,43,50,94,138,130,22,43,79,166,99,78,122,11,61
profile58,date5,45,75,38,56,74,61,10,42,18,51,87,88,36,23,10,45,86,25,23,40,0,4,19,90,50,32,5,96,0,39,78,82,8,62,8,34,36,37,17,12,89,55,90,88,11,57,95,6
profile48,date0,106,116,176,83,74,96,104,91,109,107,25,48,145,155,45,87,94,41,31,81,168,105,59,17,106,114,91,83,56,33,170,172,80,73,138,33,160,74,150,164,73,129,160,61,102,70,118,59
profile47,date6,145,183,90,36,188,40,101,169,86,24,128,116,40,151,113,90,152,71,49,83,51,81,77,70,140,119,137,149,39,110,111,50,37,99,72,11,115,81,146,22,28,108,114,195,143,84,40,117
profile91,date8,121,27,59,128,116,53,132,38,96,159,111,66,84,53,39,108,83,107,75,16,90,21,112,97,37,178,33,110,109,43,91,149,91,72,90,176,123,113,15,111,127,82,163,163,129,107,163,122
profile8,date5,88,180,212,149,177,130,156,195,139,141,125,195,227,71,122,112,135,189,119,139,103,148,104,175,118,141,196,235,153,54,172,71,130,131,70,140,110,151,186,141,74,194,77,157,111,194,148,172
profile19,date8,22,72,3,16,92,60,58,6,41,30,70,7,9,51,64,4,20,53,29,12,40,15,41,18,1,98,70,55,68,97,55,39,65,43,59,11,42,10,45,37,18,96,33,27,11,37,1,31
profile83,date7,95,32,98,92,26,29,1,50,3,72,28,31,81,30,48,43,8,69,13,21,65,66,35,58,69,12,80,80,64,40,97,97,3,2,22,47,4,88,24,33,45,92,4,56,5,32,10,95
profile64,date8,90,56,28,65,65,12,81,24,49,56,48,41,17,79,8,34,79,33,44,9,13,87,1,57,14,27,79,93,77,38,17,53,83,29,82,76,87,98,60,91,27,59,1,41,97,93,57,96
profile1,date2,12,91,82,52,62,20,43,98,13,11,61,54,77,59,73,67,57,90,69,16,94,45,34,50,3,88,19,92,96,27,34,13,9,93,93,61,35,34,33,61,58,56,75,53,66,44,78,80
profile1,date0,31,48,71,73,5,80,69,52,61,40,74,13,81,64,86,70,65,64,8,83,67,99,70,45,61,6,3,25,21,23,92,37,49,78,60,84,48,9,65,27,38,69,25,81,68,9,61,75
profile40,date2,95,19,34,85,21,3,8,53,13,66,1,84,55,3,55,8,99,4,61,50,7,16,16,80,30,83,88,82,42,97,10,97,97,97,36,7,24,70,25,72,77,79,43,33,99,18,43,75
profile93,date0,79,142,73,114,40,124,125,138,115,130,60,79,90,36,72,85,81,74,109,93,151,61,135,127,58,99,85,111,51,137,87,133,128,90,136,89,55,52,127,138,113,137,153,132,119,112,15,159
profile3,date2,70,60,125,45,104,45,182,11,103,114,98,58,112,76,44,64,67,108,98,112,142,57,125,190,167,140,49,183,153,190,164,136,37,60,126,159,94,29,8,90,106,30,132,45,125,98,110,51
profile11,date7,30,59,65,67,65,63,41,86,37,58,40,92,12,46,12,1,87,9,50,90,24,70,30,76,59,2,85,65,44,56,43,57,1,81,67,44,29,42,12,73,90,48,18,75,28,66,25,33
profile95,date2,76,9,0,56,9,40,8,45,36,32,19,88,12,13,52,67,58,30,33,22,52,9,42,66,21,80,24,23,93,45,84,80,6,94,47,95,17,5,40,14,52,11,35,80,13,66,80,21
profile8,date9,37,35,63,81,65,49,25,88,58,19,34,68,91,76,71,90,69,68,13,17,53,19,92,31,71,47,47,10,31,17,62,13,14,63,60,25,48,81,79,29,49,26,40,61,46,71,48,16
profile60,date2,52,96,72,52,76,24,41,93,81,86,87,47,25,63,97,80,73,23,73,52,47,63,84,19,38,66,81,81,22,58,84,12,76,26,35,92,92,65,85,59,15,54,15,5,32,99,5,61
profile81,date5,82,71,66,37,26,65,21,38,16,68,64,0,5,19,53,47,89,23,88,28,72,42,62,43,8,40,46,67,94,37,71,63,12,55,3,78,54,59,83,13,6,82,82,25,43,22,16,48
profile40,date4,344,486,414,349,225,200,263,378,227,346,244,235,245,219,165,311,343,291,262,298,307,256,259,310,124,236,291,398,411,313,317,335,333,271,277,195,267,337,283,279,259,316,343,369,305,140,179,394
profile63,date3,4,97,28,45,82,49,55,56,87,8,32,95,65,88,19,64,67,71,38,60,41,71,81,87,67,3,43,34,60,60,50,60,93,51,46,88,18,42,59,97,61,14,66,68,53,27,67,78
profile18,date7,120,131,82,83,89,88,80,116,81,81,62,89,114,123,111,80,154,68,20,91,180,44,121,13,93,79,109,103,143,131,101,134,106,78,10,131,75,146,44,191,111,45,161,74,44,102,40,134
profile98,date2,92,37,70,19,37,83,31,49,29,18,1,93,27,3,6,76,92,37,58,41,14,31,25,58,55,88,51,73,25,47,2,19,0,25,3,74,5,66,83,29,87,42,72,68,40,80,25,53
profile71,date1,96,109,164,111,142,17,133,81,74,117,97,92,101,164,36,60,114,46,99,146,183,115,148,146,161,56,87,39,163,46,107,78,37,60,61,127,81,84,168,121,54,106,13,34,164,149,97,79
profile88,date8,40,78,89,96,81,60,24,69,22,8,5,79,46,58,42,71,30,60,86,41,11,80,44,74,72,92,4,52,65,53,9,79,8,38,51,66,27,75,28,47,3,84,94,16,96,91,87,21
profile67,date2,60,81,6,36,88,89,30,11,31,54,51,56,94,34,35,53,51,90,32,6,22,17,1,60,80,63,45,67,20,47,70,73,39,0,58,36,36,21,60,28,9,0,62,22,49,36,14,81
profile18,date4,39,17,76,42,29,38,4,57,65,29,6,62,84,55,9,50,37,62,61,51,2,57,99,42,68,56,23,25,47,69,15,8,11,78,15,89,16,66,21,3,89,72,3,32,56,97,55,10
profile18,date1,7,103,120,91,135,104,135,100,90,62,105,104,99,126,70,132,53,85,185,96,109,153,38,86,104,35,96,58,148,82,132,155,59,130,60,122,136,156,69,169,49,109,121,114,85,41,25,133
profile91,date6,248,170,196,176,154,62,225,172,226,257,151,102,102,74,92,108,233,136,174,103,202,217,138,172,114,132,46,142,152,210,110,90,25,121,216,105,88,120,107,213,199,169,119,195,215,166,134,157
profile80,date1,245,187,46,101,186,143,131,59,123,114,139,167,203,202,231,159,158,135,68,235,173,196,103,215,179,182,70,201,198,97,244,156,105,160,183,230,86,169,63,176,151,143,109,201,60,131,181,165
profile64,date5,20,27,62,11,2,86,31,82,2,85,75,50,67,10,52,68,39,64,49,63,91,11,30,80,62,11,35,81,36,36,30,16,58,65,88,75,31,34,80,40,13,88,5,71,70,47,85,65
profile85,date2,99,87,127,132,73,151,65,128,130,36,114,76,67,102,107,119,86,121,150,128,91,75,126,170,97,57,100,45,146,189,143,45,147,152,74,78,75,74,149,103,135,145,54,107,148,106,41,113
profile13,date1,19,37,11,25,21,44,48,38,61,52,87,44,79,3,92,12,82,52,21,4,5,67,87,32,97,80,13,17,96,61,32,86,69,83,68,62,40,11,86,69,45,33,39,34,21,86,92,66
profile62,date2,67,57,40,61,20,64,55,17,65,85,33,19,40,86,89,12,35,7,13,58,72,54,26,38,61,55,94,47,87,65,70,68,91,96,78,89,17,58,22,22,0,96,67,46,70,66,8,82
profile79,date0,79,91,71,64,115,15,171,173,124,109,63,186,137,52,64,79,188,141,128,73,67,91,99,123,120,172,142,128,128,77,161,114,78,59,93,138,105,147,106,188,56,92,63,132,73,65,149,181
profile57,date6,43,111,174,67,29,164,120,95,89,57,98,23,78,128,95,67,117,62,68,79,131,49,156,57,101,103,79,140,130,103,183,84,150,95,133,25,105,64,82,124,177,113,104,16,172,88,123,169
profile66,date9,71,4,29,27,69,62,4,11,68,85,70,44,87,62,4,67,94,96,57,26,30,2,75,80,32,31,96,26,79,0,50,4,42,88,15,92,26,74,92,4,76,93,77,23,85,32,73,69
profile81,date8,81,134,144,11,21,110,76,132,103,103,142,52,137,82,23,130,45,124,168,156,151,134,132,100,110,136,64,44,106,169,90,104,11,37,99,21,80,139,147,99,129,125,90,160,39,146,69,48
profile10,date5,110,102,227,185,143,268,254,192,183,231,151,174,152,230,222,253,130,77,281,181,99,164,172,128,220,200,214,217,199,251,249,233,185,265,253,176,184,229,134,222,290,366,186,300,154,180,190,140
profile65,date9,51,46,21,17,89,29,14,45,54,1,24,15,90,51,3,81,90,7,69,88,41,36,76,62,4,21,64,75,46,82,18,53,6,27,26,88,73,14,59,32,99,21,97,98,82,35,82,2
profile20,date7,190,170,160,107,180,126,130,182,152,215,122,122,78,180,160,110,141,51,95,163,191,146,109,210,160,135,172,100,151,147,111,125,53,121,114,44,110,85,87,142,218,180,261,100,141,165,162,52
profile96,date4,46,20,53,64,0,96,81,63,56,67,1,83,81,32,17,79,49,47,3,96,71,1,67,41,1,82,54,71,89,0,61,81,59,11,37,23,55,44,81,2,3,51,4,30,79,1,78,81
profile76,date7,221,103,227,71,119,117,247,179,34,84,123,186,62,152,41,111,158,96,47,103,118,124,82,118,109,137,178,183,147,240,179,154,169,173,109,144,151,238,141,183,72,134,106,209,206,191,137,197
profile13,date2,59,85,91,35,76,45,42,40,19,5,54,64,68,20,27,94,32,59,69,47,98,42,24,63,8,62,17,63,53,46,53,52,98,16,84,93,52,7,60,15,21,79,56,45,90,13,32,28
profile55,date6,82,54,26,86,107,46,141,131,188,41,94,108,95,172,84,129,118,144,42,95,188,123,155,70,65,37,112,36,171,42,23,103,37,58,73,72,41,88,99,42,78,63,78,90,155,23,145,57
profile67,date7,72,81,76,82,18,67,158,51,165,125,166,114,102,165,121,161,150,62,118,107,110,100,163,60,174,124,146,137,13,68,69,0,62,90,88,136,107,32,111,125,86,72,112,50,128,40,127,99
profile99,date7,84,67,9,41,51,9,52,71,5,82,19,19,36,46,63,47,15,28,90,67,81,6,88,40,92,98,10,61,23,84,83,28,39,51,48,79,16,55,12,29,40,69,61,67,24,95,67,51
profile15,date6,112,130,92,249,104,117,117,196,94,197,179,153,189,168,132,159,89,173,195,181,177,172,212,166,187,38,239,99,203,157,127,115,157,116,107,35,203,107,80,111,144,55,117,183,182,190,168,186
profile94,date2,118,122,144,144,154,78,168,49,56,94,116,139,118,108,95,102,163,130,101,122,102,174,160,74,154,85,116,87,160,124,128,85,118,135,47,184,50,51,131,163,93,143,106,175,94,22,111,78
profile60,date9,32,15,12,43,91,65,86,59,76,16,22,86,66,98,58,55,93,92,3,97,86,34,15,22,67,22,55,58,93,23,81,61,92,92,48,75,0,87,52,17,44,71,78,14,89,1,84,50
profile30,date4,75,49,124,107,105,71,82,92,51,129,69,187,117,141,96,165,67,124,82,87,123,91,5,64,34,57,84,108,80,50,176,113,138,89,138,36,64,30,117,82,23,100,102,48,127,123,126,102
profile90,date0,36,151,61,135,22,108,124,93,102,122,153,98,84,71,75,86,103,111,101,101,190,83,63,114,116,145,123,131,55,87,56,125,104,115,81,125,156,71,62,100,84,66,120,12,178,167,154,48
profile99,date9,46,64,33,84,84,63,60,89,31,12,11,92,24,71,24,11,72,97,49,15,39,48,87,60,57,29,26,19,39,24,85,51,1,44,9,15,13,34,58,11,36,87,30,91,80,1,87,97
profile95,date0,45,70,19,85,96,39,43,12,29,6,1,36,82,92,7,42,90,9,35,31,59,51,94,48,12,43,11,85,61,11,15,6,1,54,59,37,0,70,45,54,91,59,0,5,42,2,36,64
profile3,date8,84,21,21,68,81,11,43,5,97,94,75,0,35,41,30,58,35,96,15,15,51,23,11,54,18,54,83,89,58,18,71,72,40,34,64,89,2,8,94,81,97,15,40,49,94,11,76,7
profile70,date7,145,74,95,168,81,107,41,82,114,83,146,66,74,57,85,80,93,147,81,67,85,126,39,98,104,91,30,106,64,53,131,111,177,104,70,68,17,98,99,122,141,16,92,161,128,136,59,103
profile23,date4,82,57,29,62,5,36,45,34,22,83,21,64,38,17,79,38,48,9,48,45,29,5,61,25,85,34,77,29,51,54,72,39,4,31,46,54,44,39,25,18,38,78,46,93,53,39,75,95
profile63,date9,55,48,85,29,16,77,68,43,52,5,17,26,34,30,13,15,34,91,26,18,59,99,53,53,5,99,27,23,24,5,41,27,68,94,97,40,30,24,14,29,51,42,84,30,80,58,81,85
profile82,date8,88,76,83,55,60,1,93,86,61,91,53,68,30,1,53,76,90,91,30,47,50,2,90,44,77,53,97,96,45,99,31,74,16,0,24,19,52,3,68,10,59,52,95,10,62,86,36,71
profile20,date5,44,24,65,84,38,98,79,26,21,8,40,86,13,69,59,47,32,73,91,52,82,27,2,48,44,95,26,90,64,44,41,43,41,28,86,7,30,40,88,3,26,27,70,14,89,20,8,59
profile52,date0,11,99,63,76,85,39,44,62,82,11,7,24,11,10,38,75,77,86,70,73,84,18,86,59,9,82,47,97,32,21,37,24,40,7,14,93,71,71,1,68,58,40,59,27,30,23,18,82
profile35,date3,195,95,95,98,146,156,101,68,101,135,102,154,190,147,124,141,142,152,186,184,141,214,70,207,255,194,178,212,177,123,102,42,134,213,157,208,222,114,102,99,97,159,129,100,119,101,256,86
profile53,date4,14,11,71,99,12,49,22,53,67,66,47,2,78,94,33,87,78,31,92,83,27,57,96,29,63,47,43,66,46,54,96,55,65,90,33,40,38,43,96,81,45,61,34,85,95,71,9,58
profile98,date0,128,77,109,128,148,60,100,128,58,133,67,66,167,71,138,26,97,130,70,74,54,147,78,176,79,85,91,132,117,89,160,96,80,143,74,61,53,141,47,140,88,129,108,60,175,90,144,138
profile80,date2,191,154,111,225,136,202,109,95,65,144,192,73,146,103,196,164,127,205,148,195,48,140,128,159,98,170,49,184,205,105,183,104,134,129,134,122,204,195,108,57,185,245,153,202,220,139,103,123
profile1,date5,86,11,95,90,41,75,21,39,65,51,45,73,10,50,1,59,70,68,43,70,74,60,30,71,17,71,21,79,42,80,9,2,33,25,47,9,71,59,10,22,99,70,39,58,84,32,36,50
profile12,date3,37,98,152,55,80,104,112,137,136,126,71,97,113,179,26,145,130,11,68,41,128,163,178,50,120,108,87,137,71,177,83,77,147,92,79,193,159,92,129,86,51,147,103,17,85,103,44,122
profile57,date2,2,33,73,29,97,18,32,15,67,35,17,69,30,82,0,79,99,77,94,9,5,46,11,84,21,65,21,61,85,21,26,35,41,75,69,57,90,86,10,90,96,32,4,0,50,14,9,96
profile17,date6,55,31,57,96,69,83,63,33,51,23,98,77,24,68,57,45,89,44,48,63,13,26,62,78,43,0,25,42,40,28,34,68,58,72,17,22,24,66,70,64,83,56,25,6,63,57,82,18
profile13,date0,8,54,14,34,38,10,50,58,92,14,65,9,98,50,99,27,21,2,82,29,43,6,34,3,12,38,55,8,15,19,42,23,82,44,46,66,71,75,94,87,64,20,73,95,19,0,57,44
profile80,date4,95,79,75,78,86,23,68,24,74,3,34,25,7,37,72,77,86,60,15,2,78,62,6,76,83,50,28,38,82,92,19,84,8,52,56,24,46,38,48,88,50,13,66,14,1,91,54,76
profile85,date3,55,0,32,72,22,79,26,28,16,65,13,41,80,37,16,28,81,15,85,27,50,16,60,45,34,91,36,88,76,69,98,3,74,26,85,62,89,70,29,94,5,18,48,86,67,28,63,43
profile58,date7,18,20,82,97,50,61,30,22,15,0,94,93,16,89,18,51,77,6,28,71,32,61,92,9,89,68,58,21,84,61,6,8,32,77,11,56,11,69,79,64,66,75,0,31,55,67,70,78
profile30,date8,44,67,53,92,65,74,54,85,4,83,13,90,58,47,79,76,86,58,10,54,46,17,82,89,97,89,96,14,73,36,17,19,9,1,71,88,15,35,31,28,49,32,74,32,45,80,99,79
profile69,date9,28,82,42,22,20,41,24,20,88,74,47,77,62,13,1,62,26,41,71,89,23,49,35,89,28,31,22,23,91,37,99,91,90,44,12,78,38,79,89,18,1,62,7,20,79,58,66,69
profile72,date5,102,91,163,127,35,138,45,56,134,152,63,141,29,100,67,126,110,145,138,89,116,138,95,78,93,121,107,186,30,162,27,103,53,58,97,102,93,45,105,151,100,80,137,33,53,78,99,107
profile12,date9,145,178,118,65,133,66,4,60,58,118,147,107,86,63,139,99,183,141,138,64,162,93,57,46,86,76,112,53,94,79,90,108,44,111,95,90,84,54,137,150,99,64,50,127,158,75,173,97
profile68,date0,83,28,38,30,68,54,0,50,23,79,87,15,56,51,72,56,65,99,5,81,81,79,4,78,29,45,39,36,3,63,7,20,28,58,44,2,73,73,55,50,95,45,77,83,40,47,44,72
profile57,date0,27,95,39,65,45,71,25,12,75,96,67,42,37,99,64,80,4,1,18,10,65,37,36,31,41,79,80,52,52,49,26,91,39,22,50,97,94,49,78,99,14,0,60,34,53,81,36,19
profile62,date1,9,42,85,53,28,69,16,79,29,81,97,53,20,54,15,60,2,82,0,64,2,19,8,12,46,60,99,56,66,51,80,15,49,79,73,17,69,48,64,35,10,87,47,55,51,64,0,39
profile89,date0,39,63,53,35,48,78,88,12,16,85,36,19,84,35,47,61,91,16,49,96,19,35,56,3,6,25,43,91,79,79,91,66,55,89,26,63,38,51,25,8,26,43,65,81,62,96,70,93
profile30,date2,91,31,83,65,35,16,48,39,49,99,42,54,88,77,59,82,18,82,2,72,31,64,52,34,79,68,71,15,17,72,72,46,29,8,30,27,42,68,26,72,79,70,38,56,93,14,85,90
profile55,date3,27,95,38,9,4,77,0,5,94,7,67,17,81,87,40,70,48,30,56,76,97,69,53,86,55,83,64,90,31,42,95,82,39,82,78,45,96,57,84,95,16,82,56,56,10,29,37,86
profile20,date2,174,135,86,33,137,136,49,113,146,63,105,52,82,136,153,149,88,14,62,89,79,74,140,9,130,181,45,70,101,126,183,96,66,30,186,117,100,94,54,117,98,109,94,85,123,84,45,78
profile41,date6,97,159,146,142,144,74,163,42,137,78,81,89,65,123,33,83,2,102,93,128,112,149,68,94,80,43,129,85,159,107,179,129,144,60,158,78,31,120,87,48,174,169,59,11,85,77,111,85
profile24,date2,30,12,10,76,7,98,88,59,83,7,79,71,67,87,67,14,54,64,15,5,15,39,55,26,40,10,58,35,66,9,13,55,77,15,88,29,95,41,20,57,72,69,63,63,21,17,53,31
profile84,date4,244,207,79,221,96,140,51,277,98,212,153,104,241,69,175,208,79,219,192,37,148,167,106,113,235,153,202,202,153,189,78,98,212,123,153,57,171,160,97,180,137,168,163,109,119,284,128,200
profile31,date1,76,40,41,8,99,42,27,8,84,53,51,31,76,62,16,4,48,38,92,98,98,45,44,23,15,14,46,96,69,92,66,4,3,55,41,75,97,75,74,87,46,27,38,18,4,82,8,32
profile62,date6,257,135,216,122,34,166,213,166,85,124,287,184,262,256,141,190,212,145,211,180,328,82,99,215,218,102,127,125,233,126,210,155,202,116,156,275,211,99,101,180,144,204,172,176,197,156,120,152
profile79,date3,28,81,10,48,8,97,97,93,48,81,19,40,18,94,32,53,22,42,18,49,43,17,51,54,57,58,29,85,79,17,76,73,47,43,58,52,45,79,29,37,5,73,81,20,70,37,92,32
profile98,date9,25,32,23,62,35,9,79,40,44,59,6,26,83,18,69,32,32,13,11,2,37,94,71,80,18,74,57,95,41,55,58,41,29,17,50,80,26,96,10,97,23,4,26,7,48,8,13,28
profile92,date9,188,36,111,100,96,114,129,127,72,112,91,132,155,75,167,108,150,140,138,134,173,72,72,189,128,136,110,67,110,95,37,113,85,157,39,169,71,137,113,151,96,90,148,138,118,84,17,51
profile20,date0,5,38,59,50,36,21,88,70,76,67,69,25,98,87,30,93,50,4,71,10,70,81,95,87,8,31,80,36,90,87,16,33,75,15,6,46,80,54,73,8,96,63,37,40,1,47,48,16
profile76,date5,81,9,19,77,96,93,96,47,81,67,40,34,16,1,74,31,53,15,7,32,22,13,96,1,57,7,71,90,66,39,79,3,65,1,62,13,87,58,12,26,32,10,62,72,56,71,41,71
profile59,date2,80,48,11,66,51,40,56,85,1,70,82,73,94,50,2,33,55,4,16,21,96,7,84,85,23,10,70,65,60,61,11,64,54,21,17,44,23,57,63,0,72,72,75,40,0,53,61,6
profile66,date4,73,32,63,10,74,20,24,62,93,11,96,93,46,5,52,59,29,97,93,75,76,16,49,99,41,78,99,58,43,89,94,11,52,5,90,83,40,32,67,73,94,83,66,38,57,98,10,1
profile94,date9,54,17,15,12,89,64,71,49,0,25,45,46,84,94,53,54,64,55,78,63,89,68,18,30,34,87,53,24,69,1,54,95,82,68,68,85,57,51,60,11,58,93,97,22,5,64,69,82
profile44,date2,7,174,74,178,46,125,72,116,48,84,173,91,136,101,187,91,134,53,42,82,87,126,49,155,121,126,179,41,168,120,83,155,53,69,65,124,179,105,62,14,108,99,81,102,157,110,123,115
profile66,date8,278,167,291,106,233,232,231,213,255,191,149,249,193,186,208,128,171,198,254,227,229,254,343,280,197,123,173,274,191,141,113,249,105,142,185,195,241,121,229,226,198,223,109,184,284,245,136,186
profile97,date0,77,7,77,11,93,80,0,9,1,93,3,66,85,6,3,12,28,19,15,21,96,21,78,32,33,29,50,65,8,40,73,46,44,29,70,55,31,10,52,10,70,5,20,44,43,47,89,84
profile61,date2,8,12,37,57,48,50,37,19,70,55,63,3,98,16,62,64,14,13,49,73,74,29,26,18,54,70,54,84,22,82,1,40,73,81,34,16,1,71,85,57,50,31,34,97,5,73,63,33
profile24,date5,165,78,128,112,135,139,57,95,113,123,116,85,26,92,122,29,35,142,91,36,75,79,135,104,161,84,71,106,106,86,46,103,127,105,147,186,146,89,26,141,98,117,135,77,123,93,88,98
profile23,date5,219,287,208,120,199,188,265,221,115,289,191,138,316,170,158,104,180,243,136,310,201,152,178,254,223,245,179,218,250,205,273,146,241,185,277,266,174,246,217,128,242,256,225,212,176,306,154,134
profile8,date6,75,34,67,96,47,19,45,32,10,89,12,74,33,26,36,8,98,71,25,36,68,13,72,5,2,93,95,62,85,88,95,79,84,96,3,14,11,33,42,51,16,35,97,57,47,21,85,92
profile31,date8,103,234,212,187,127,52,34,195,177,218,148,139,180,155,88,184,241,41,144,119,140,79,158,145,169,138,223,229,243,149,195,151,151,150,74,88,217,165,191,214,187,104,100,174,109,144,171,140
profile35,date8,84,104,142,239,106,86,89,64,206,151,79,163,138,122,199,241,163,145,163,150,191,133,150,235,93,211,176,178,124,138,179,169,114,210,163,164,183,57,123,229,53,185,207,135,119,117,155,219
profile49,date9,5,84,11,21,98,69,33,24,15,92,91,44,31,9,23,12,25,6,40,88,39,2,99,88,13,91,36,99,48,89,57,37,64,75,23,27,98,56,74,1,87,75,28,58,26,68,26,33
profile38,date1,34,64,28,131,49,53,117,55,47,70,156,75,164,87,127,136,140,94,150,163,101,191,45,82,167,104,102,120,86,30,95,149,109,109,86,105,149,140,183,111,144,143,117,147,163,107,85,182
profile28,date6,62,48,72,72,5,79,51,52,1,51,68,13,60,25,76,87,52,0,84,25,61,52,80,2,14,3,94,22,32,3,1,67,86,2,80,13,36,59,62,22,91,92,11,60,39,41,57,48
profile44,date3,35,51,74,89,23,24,94,41,64,53,95,68,50,57,74,50,95,83,71,69,29,78,19,79,31,76,59,15,68,54,51,50,51,82,94,78,7,36,9,13,7,69,95,36,75,63,17,67
profile24,date7,23,64,128,103,88,42,88,32,115,121,42,63,12,96,23,163,84,124,104,20,87,61,146,106,77,151,95,145,122,128,120,63,119,38,40,40,146,89,82,95,80,142,53,124,93,173,117,142
profile27,date3,0,53,28,29,90,94,70,35,71,20,39,55,96,67,72,39,85,58,46,2,4,27,44,82,58,14,82,6,45,28,36,16,23,59,16,32,31,2,61,96,82,13,41,12,85,95,52,43
profile39,date1,85,70,132,142,22,126,119,34,152,138,49,169,138,97,158,101,60,105,106,84,106,122,67,118,105,168,85,12,101,147,96,83,90,54,71,83,25,114,117,187,111,37,89,134,185,111,61,108
profile28,date3,61,62,17,14,45,58,11,55,48,64,64,56,18,72,15,69,41,46,56,8,54,35,62,85,20,66,44,86,56,98,72,76,99,20,87,80,57,21,38,56,42,81,25,3,74,46,62,56
profile74,date4,44,31,43,33,26,72,47,3,83,59,36,74,28,66,13,34,79,72,46,3,95,69,82,20,87,95,12,90,20,0,84,97,20,8,53,87,0,78,8,21,78,28,44,87,24,99,75,59
profile8,date2,84,1,84,71,76,36,28,4,75,25,44,7,44,1,16,18,34,85,18,49,47,14,7,12,53,92,69,60,7,10,21,24,35,49,14,52,83,51,42,45,86,44,36,52,89,80,28,70
profile42,date9,12,98,57,7,76,84,31,64,91,82,56,3,20,74,50,58,17,26,86,60,9,40,5,44,82,68,39,54,16,62,32,84,98,88,77,1,37,85,34,0,87,34,42,57,86,38,79,80
profile96,date1,16,4,48,85,49,64,26,87,7,80,5,3,99,28,21,58,24,77,59,84,95,21,35,85,81,28,17,4,16,23,16,4,22,40,95,78,56,25,44,30,35,44,27,80,89,80,53,18
profile50,date4,37,0,75,7,29,70,9,9,39,27,23,72,50,74,33,90,41,16,52,43,51,99,22,36,97,65,75,92,49,53,94,84,19,96,5,4,91,69,53,3,26,77,60,58,50,33,28,74
profile65,date4,98,121,85,120,146,185,43,101,117,86,137,17,186,156,82,160,117,77,98,95,91,112,146,77,58,48,119,93,121,82,163,60,29,97,183,124,126,100,154,97,116,63,83,159,38,18,89,35
profile92,date6,3,94,32,74,94,31,77,51,53,55,56,95,82,70,4,56,93,77,7,85,44,31,0,69,17,31,53,99,0,91,82,24,50,98,61,43,66,76,55,3,88,42,0,28,48,41,43,80
profile21,date0,162,194,217,190,173,150,261,104,68,296,151,243,185,193,244,169,190,297,113,262,134,323,263,242,243,181,221,189,225,210,94,167,120,199,84,233,190,242,229,238,202,224,222,108,221,227,139,207
profile39,date7,48,56,10,78,74,94,64,36,64,35,23,69,10,30,14,2,10,63,51,26,64,13,56,90,38,93,95,29,63,50,52,23,10,12,80,31,38,31,11,78,80,17,22,0,97,12,64,29
profile14,date4,144,180,192,115,231,250,205,92,104,269,138,169,108,261,129,135,80,84,190,131,152,161,108,153,188,143,198,125,94,197,125,198,71,90,134,163,113,126,136,128,108,172,88,160,245,170,241,94
profile58,date1,81,142,29,29,65,58,180,96,166,65,195,142,69,113,104,47,142,117,145,104,139,130,95,116,112,104,119,128,114,91,132,149,117,82,145,168,44,89,126,149,63,97,159,55,35,117,127,103
profile63,date8,94,118,61,36,119,154,30,35,123,142,89,67,101,119,116,90,93,158,103,79,139,65,118,103,168,107,97,50,100,46,76,154,103,28,171,99,24,105,176,69,176,31,126,41,144,67,129,135
profile84,date2,42,97,154,90,176,81,88,52,106,31,37,114,76,80,84,101,44,170,162,183,81,155,184,137,102,92,42,111,98,86,169,148,98,118,78,85,116,137,64,36,85,161,63,116,90,62,138,91
profile11,date6,160,138,141,123,224,105,194,115,105,131,116,166,202,146,138,140,176,73,161,160,218,97,241,212,122,114,70,207,102,173,238,133,109,166,133,88,93,95,184,184,147,100,170,174,168,136,137,191
profile5,date9,178,242,96,129,121,169,141,85,108,103,109,103,157,179,131,103,96,232,95,152,155,181,145,130,158,191,122,93,110,142,162,195,100,168,261,185,95,256,168,98,79,107,140,188,171,166,156,137
profile88,date2,57,16,24,82,52,94,91,9,55,25,33,86,31,43,92,69,29,67,75,6,67,99,45,75,25,9,21,17,74,47,29,22,57,61,84,75,39,88,0,79,8,82,48,36,3,93,71,58
profile24,date1,147,155,161,201,183,94,188,86,206,143,60,211,272,227,141,101,124,180,210,150,148,147,129,123,67,130,188,105,208,85,200,177,106,158,147,91,108,121,140,135,211,216,137,78,154,263,149,103
profile72,date1,67,99,37,117,114,72,101,74,53,117,74,14,85,109,125,40,63,90,50,107,80,44,120,102,96,131,122,145,112,101,160,71,103,105,39,74,166,55,107,156,72,157,122,127,145,107,133,76
profile46,date3,68,62,70,6,35,21,22,98,3,93,66,76,78,3,1,42,8,42,15,34,93,16,94,71,19,81,49,85,54,60,26,93,41,87,22,81,22,49,4,46,86,51,59,91,3,79,80,3
profile6,date4,3,76,43,81,15,16,68,42,20,35,55,21,59,19,66,74,89,58,32,34,78,25,18,19,89,67,10,60,25,60,20,73,34,80,26,73,16,56,16,84,16,39,38,32,53,70,50,48
profile12,date8,102,183,93,103,127,70,149,111,87,49,160,132,108,97,63,182,6,52,58,47,113,158,72,73,24,93,60,114,127,97,70,101,75,113,59,56,126,180,134,136,174,140,133,183,87,159,159,135
profile60,date4,3,51,63,26,47,99,14,81,60,18,42,60,71,78,0,39,47,19,73,48,51,81,63,44,65,22,36,49,68,65,28,91,37,34,83,18,90,62,48,99,84,44,62,53,91,42,98,68
profile51,date4,170,73,127,43,118,38,88,56,121,109,74,141,65,140,46,55,120,109,128,79,98,135,130,121,106,112,103,114,52,64,132,106,138,129,93,55,30,98,140,104,131,56,106,53,83,103,119,110
profile93,date2,72,52,45,42,22,91,98,1,62,86,98,43,21,22,31,42,25,52,94,35,89,2,59,15,60,25,5,98,46,41,72,81,43,85,67,19,45,81,22,7,33,62,1,42,77,91,23,28
profile74,date1,119,118,101,116,120,113,103,46,23,107,88,104,39,42,123,71,134,46,114,70,71,74,93,76,111,65,133,116,59,165,37,125,56,68,107,49,155,47,50,115,156,93,60,101,173,14,62,147
profile24,date8,17,64,41,85,7,46,65,94,40,33,58,67,87,98,39,48,95,18,57,85,41,17,57,31,98,64,1,70,99,59,83,63,65,0,58,90,10,52,35,33,46,51,71,85,70,8,64,17
profile26,date1,145,169,146,109,45,90,138,140,50,54,128,137,30,92,87,93,106,92,124,107,150,72,101,71,114,106,141,112,77,63,53,156,107,95,123,127,48,180,112,153,25,163,89,13,150,91,50,41
profile53,date6,223,87,105,58,55,128,173,189,193,214,83,93,120,127,123,225,33,142,93,166,172,154,61,131,203,106,213,130,200,122,208,134,200,56,88,238,258,138,141,174,199,140,36,127,86,86,75,131
profile70,date0,81,9,97,78,16,21,58,43,77,15,24,43,11,90,4,50,50,24,28,16,88,50,67,2,71,31,43,7,44,54,19,62,59,68,83,85,79,76,46,32,85,89,58,48,45,2,90,23
profile8,date7,101,109,97,91,86,105,117,139,65,71,76,94,155,103,114,121,50,166,98,88,125,71,119,79,88,135,108,35,122,80,139,116,149,55,109,55,83,103,152,168,133,126,92,112,179,81,39,159
profile98,date3,46,49,13,73,56,25,35,20,81,89,92,70,5,23,97,86,19,26,4,50,14,47,18,60,1,57,44,80,87,55,64,41,60,92,42,5,21,14,3,77,80,8,29,10,97,34,33,29
profile93,date8,163,35,73,74,106,21,119,82,32,16,103,116,77,38,56,118,64,73,65,104,68,123,144,69,39,112,79,55,24,147,133,101,76,108,53,37,56,58,93,38,88,113,85,148,165,98,78,140
profile56,date4,87,11,53,35,84,70,74,95,94,99,14,18,99,88,91,94,81,77,64,45,5,65,53,55,44,78,26,82,28,33,82,88,50,49,71,7,25,56,11,18,41,47,69,45,47,50,75,38
profile39,date3,82,13,12,48,10,16,55,50,50,3,39,25,90,35,19,42,82,70,73,88,0,2,52,46,17,88,16,86,10,58,73,43,13,19,23,75,20,42,73,86,49,35,72,66,36,93,12,12
profile86,date4,32,57,49,38,5,32,93,80,7,34,35,18,28,0,0,36,13,10,87,40,41,15,44,69,18,82,48,69,39,83,27,38,1,13,15,42,39,18,71,0,77,46,56,0,3,58,59,82
profile11,date9,43,60,78,128,106,132,52,99,97,15,108,131,75,88,135,114,79,105,164,149,141,59,112,114,93,72,105,46,154,52,73,177,131,126,70,128,142,91,130,75,163,172,146,44,103,69,52,73
profile66,date1,60,10,96,0,57,36,79,35,4,9,70,64,31,70,13,60,93,25,40,72,84,96,47,54,13,68,6,25,8,58,97,5,12,7,77,82,61,46,67,50,18,36,33,61,82,48,47,33
profile56,date7,79,88,30,36,90,86,6,52,88,31,21,22,66,44,61,27,98,63,78,83,2,88,58,56,64,34,71,41,87,42,32,26,40,74,5,19,82,11,67,7,8,17,44,26,78,20,11,40
profile87,date9,2,30,60,35,12,79,58,64,66,41,97,87,47,30,21,22,25,93,85,9,78,62,71,43,5,4,55,1,4,2,47,62,40,85,20,78,34,19,71,91,90,79,99,49,33,54,70,42
profile86,date2,36,49,0,97,6,99,72,48,7,94,93,10,21,53,29,84,43,69,22,94,65,98,47,36,62,23,28,56,82,95,60,2,74,98,4,10,73,41,20,78,53,49,84,76,40,96,86,39
