PROFILE,VALUEDAY,VAL0000,VAL0030,VAL0100,VAL0130,VAL0200,VAL0230,VAL0300,VAL0330,VAL0400,VAL0430,VAL0500,VAL0530,VAL0600,VAL0630,VAL0700,VAL0730,VAL0800,VAL0830,VAL0900,VAL0930,VAL1000,VAL1030,VAL1100,VAL1130,VAL1200,VAL1230,VAL1300,VAL1330,VAL1400,VAL1430,VAL1500,VAL1530,VAL1600,VAL1630,VAL1700,VAL1730,VAL1800,VAL1830,VAL1900,VAL1930,VAL2000,VAL2030,VAL2100,VAL2130,VAL2200,VAL2230,VAL2300,VAL2330
profile32,date3,64,53,5,39,89,53,23,86,78,27,94,77,66,80,59,87,45,8,10,66,35,57,2,35,71,60,64,98,62,26,64,72,73,26,14,20,7,8,5,66,34,78,94,59,90,48,8,99
profile60,date3,137,84,67,74,18,22,97,87,130,140,55,112,149,99,93,107,100,89,92,104,110,134,182,64,83,124,74,45,50,132,153,65,40,160,97,110,180,147,76,116,128,99,46,119,118,117,98,148
profile36,date7,61,89,71,33,61,69,25,92,63,19,2,82,21,85,49,72,15,50,54,15,97,44,7,27,72,87,58,71,61,4,86,54,59,40,36,33,64,77,13,27,99,7,87,6,93,33,31,87
profile37,date6,99,115,97,57,26,179,106,122,98,97,75,27,60,111,84,144,132,75,132,90,51,33,63,107,76,10,82,101,151,124,126,79,79,50,187,139,123,85,178,121,118,135,131,111,154,184,83,100
profile65,date3,92,82,1,91,76,67,92,74,94,38,80,86,10,81,45,34,80,6,82,54,21,49,75,78,50,48,69,3,22,58,81,52,1,23,61,68,43,74,45,61,29,49,84,53,0,15,88,37
profile75,date3,28,96,44,81,87,82,3,7,32,93,10,37,37,66,67,72,57,82,7,19,86,65,70,79,46,34,1,34,70,83,51,45,4,41,74,94,11,62,27,17,89,23,14,3,1,5,55,22
profile13,date8,153,138,256,320,177,88,296,142,38,149,222,181,205,193,216,142,137,205,271,190,152,94,278,245,132,138,158,142,173,108,253,143,197,309,186,120,70,231,105,191,213,176,194,255,211,248,158,247
profile37,date8,141,90,90,43,100,160,166,109,97,109,89,168,178,114,25,13,95,101,13,59,123,97,25,41,66,117,105,109,102,97,131,44,45,9,92,139,157,110,120,153,122,70,192,93,81,99,24,75
profile51,date7,36,8,12,98,99,6,73,90,24,57,2,96,26,80,78,82,42,88,93,81,16,1,81,25,68,12,35,60,0,87,90,44,32,53,35,1,29,98,55,29,18,11,90,4,25,94,29,68
profile99,date1,97,81,84,26,79,53,1,16,13,99,34,10,84,7,13,26,54,13,99,68,67,27,19,44,54,93,61,18,21,57,96,53,35,50,41,49,54,41,28,66,84,39,68,49,98,30,27,58
profile73,date9,56,98,57,77,59,35,24,66,72,65,91,72,55,69,69,68,60,17,30,19,97,70,51,87,19,37,43,27,41,85,24,24,21,67,80,46,12,52,68,65,49,84,0,41,58,16,77,8
profile61,date3,81,77,38,76,51,15,60,62,16,34,54,0,48,67,94,49,80,13,75,79,69,10,20,60,23,77,58,54,32,34,93,93,18,31,79,26,9,74,81,1,10,64,94,60,49,96,70,88
profile62,date9,123,167,84,99,162,55,90,75,21,49,142,60,57,70,120,179,112,119,132,107,109,161,153,110,64,79,151,130,76,109,116,52,53,177,173,70,53,96,167,121,108,118,77,95,40,120,42,153
profile81,date1,53,31,6,37,64,23,19,52,43,80,0,77,10,68,88,48,3,27,74,1,50,43,22,5,37,94,88,55,85,76,6,41,1,94,64,38,9,65,2,68,14,65,69,55,97,66,2,72
profile73,date0,149,110,178,116,84,140,90,100,63,69,147,115,89,131,107,144,53,90,58,117,101,168,70,123,91,96,115,31,84,100,70,87,70,159,175,63,62,96,49,116,69,73,112,114,180,82,114,62
profile98,date7,77,56,59,33,51,32,6,11,99,12,11,31,76,97,25,3,52,7,85,8,34,60,39,69,67,57,97,25,41,62,88,11,76,59,72,86,37,86,76,59,46,2,72,34,93,33,1,79
profile28,date5,80,59,197,118,141,96,75,105,146,91,65,73,141,32,140,97,109,89,125,145,85,72,78,66,68,140,109,74,91,148,148,60,146,102,114,156,116,66,171,99,116,117,31,85,133,158,75,77
profile51,date1,40,5,10,6,21,94,43,56,62,21,24,42,8,35,8,62,81,27,78,95,98,16,55,36,44,93,23,47,83,13,57,59,99,6,57,71,76,11,8,32,89,47,63,83,45,90,9,88
profile10,date1,71,98,46,20,7,40,35,55,31,46,10,17,4,55,91,0,93,18,10,44,9,58,16,90,73,81,1,31,73,64,71,50,99,73,62,80,49,4,16,15,9,48,0,94,26,90,10,44
profile49,date8,93,133,189,55,109,62,106,141,41,110,137,103,137,146,85,87,168,73,71,134,109,165,94,117,148,48,77,31,73,163,132,106,94,88,129,88,51,86,7,59,45,80,146,101,61,142,9,185
profile52,date2,68,53,117,75,94,121,125,42,17,92,71,107,38,143,100,119,94,106,70,74,116,132,62,174,94,151,102,40,94,106,67,114,142,167,117,20,107,85,57,106,181,72,61,105,30,79,128,110
profile36,date2,88,51,53,32,11,65,83,78,29,64,9,90,85,79,12,52,95,72,35,17,12,31,1,78,78,58,93,57,63,13,22,15,53,55,52,68,44,94,70,48,76,67,73,11,25,33,10,1
profile43,date3,59,43,62,6,13,82,80,15,45,39,11,44,39,79,59,5,75,37,18,39,76,39,63,25,94,45,69,43,75,1,47,98,2,22,2,74,7,42,63,90,26,32,67,93,30,48,41,86
profile59,date4,80,60,4,88,20,52,88,1,59,51,62,92,71,53,44,61,3,32,40,51,71,0,26,78,79,52,70,92,47,18,94,94,1,78,43,3,79,63,69,2,54,54,8,93,69,29,61,84
profile15,date2,174,106,139,75,129,114,111,102,105,46,146,103,33,52,99,121,116,85,100,110,100,74,81,112,68,120,157,70,106,101,118,122,109,18,182,54,24,115,109,114,39,60,173,110,72,177,98,146
profile62,date0,138,86,141,9,119,56,70,70,12,81,44,131,156,65,82,158,120,142,94,140,112,87,147,104,118,51,40,88,90,58,34,65,129,130,96,43,172,103,164,47,101,141,56,157,39,104,188,116
profile53,date0,140,58,115,5,162,48,62,70,66,93,172,35,177,140,26,130,42,89,148,29,82,129,92,104,32,106,36,124,110,74,103,106,97,179,49,163,108,68,34,103,32,28,107,65,119,110,36,18
profile10,date8,95,36,89,9,48,75,61,97,51,95,71,92,20,13,69,35,14,79,98,48,71,46,52,3,87,57,90,43,54,55,25,33,73,53,82,58,75,49,7,45,45,59,6,91,53,70,7,39
profile96,date9,10,15,54,92,15,91,27,15,89,6,10,0,82,99,52,60,71,43,86,69,2,99,56,23,17,92,92,79,4,52,94,74,67,22,42,14,22,95,3,16,82,53,63,11,20,43,69,81
profile39,date8,173,124,111,176,62,184,119,133,90,49,89,106,51,109,145,86,86,23,80,100,106,87,75,167,107,79,136,92,55,145,136,162,85,96,134,67,128,99,80,101,145,100,71,162,91,76,126,182
profile11,date1,117,103,106,109,159,96,127,37,61,93,177,42,46,65,66,105,65,29,175,153,51,149,137,28,71,110,8,30,109,72,54,105,139,103,92,119,62,40,98,53,101,36,14,44,144,141,66,21
profile53,date5,44,29,81,32,28,38,51,63,95,65,91,18,32,98,1,45,29,24,95,63,57,99,97,51,67,21,56,82,65,76,23,49,47,98,99,99,42,35,74,96,78,96,75,65,8,93,68,75
profile70,date8,122,113,22,151,141,127,101,120,93,78,74,44,104,143,115,67,84,115,179,133,145,158,130,83,114,110,55,146,106,56,165,148,44,112,54,26,89,70,139,163,111,120,69,103,149,45,187,133
profile38,date0,51,23,97,46,56,75,5,36,0,65,98,16,72,73,32,5,51,21,64,35,40,16,58,48,29,23,97,51,42,45,59,40,37,94,7,19,3,84,38,61,75,53,70,73,14,1,90,5
profile31,date4,159,68,89,181,177,59,113,158,78,235,216,179,57,176,116,63,207,231,150,183,206,91,187,101,111,142,78,169,161,208,61,36,246,166,90,144,168,87,106,130,96,94,188,215,192,106,137,199
profile15,date4,4,24,45,48,92,32,25,23,33,65,75,71,90,85,87,20,65,91,85,61,57,30,49,23,69,48,79,3,86,35,64,73,84,46,47,92,2,57,39,72,64,45,24,51,86,16,48,93
profile17,date8,43,9,9,20,64,56,22,71,57,50,93,3,9,29,24,9,85,28,26,33,66,32,6,32,21,52,12,22,75,93,58,50,4,90,23,74,8,11,75,38,97,20,19,89,5,77,91,61
profile89,date1,15,35,23,81,68,69,38,27,46,78,99,73,42,34,95,21,20,29,29,13,67,28,61,75,18,6,77,85,8,73,10,42,31,98,58,11,5,67,14,75,88,54,87,28,41,20,20,83
profile91,date9,175,86,90,178,142,181,143,73,62,195,113,100,107,170,116,208,128,92,188,59,154,100,235,245,212,151,104,147,84,173,80,229,184,225,177,102,75,173,157,164,168,180,98,138,99,38,144,39
profile78,date5,145,148,62,19,92,85,104,102,49,140,116,102,56,150,114,120,163,93,99,89,143,42,95,68,158,76,138,142,72,106,44,100,98,108,127,97,75,90,165,141,109,77,126,115,119,139,91,74
profile54,date7,19,46,21,81,55,86,0,64,16,89,57,16,89,90,49,13,35,62,32,79,28,25,4,41,92,15,17,62,32,58,61,33,52,34,80,71,72,6,60,48,64,71,76,50,46,31,91,91
profile47,date4,82,88,3,47,23,85,30,1,5,3,9,6,46,30,95,37,86,82,16,40,43,25,63,99,51,66,72,91,16,47,80,30,99,28,66,67,31,35,42,23,65,21,87,23,63,47,69,14
profile59,date5,60,6,10,77,47,31,62,25,5,27,70,20,73,90,52,21,37,73,59,46,25,71,88,53,15,81,42,12,1,29,54,6,20,76,58,77,93,88,88,1,74,61,8,39,19,90,4,79
profile50,date6,105,78,159,88,73,97,85,167,144,80,106,32,99,104,175,140,47,125,98,34,75,120,107,112,160,110,29,67,60,100,18,41,98,108,161,97,70,85,105,134,167,112,102,61,154,123,144,127
profile6,date8,133,173,73,57,91,102,157,56,150,115,115,149,157,173,138,174,95,164,107,97,99,121,104,135,120,47,67,82,78,100,50,56,24,136,116,77,122,104,73,101,102,92,58,102,157,84,169,108
profile30,date7,184,104,62,150,106,149,150,167,40,195,14,67,37,82,134,73,145,79,74,114,22,86,146,73,120,131,130,39,112,102,134,37,51,56,55,63,90,30,64,81,124,127,67,40,47,114,128,44
profile68,date4,50,63,151,52,166,146,184,26,4,111,152,115,60,97,130,97,98,91,70,25,118,96,66,90,61,96,66,108,135,34,156,84,148,111,117,129,61,98,66,58,69,173,73,150,116,163,61,61
profile68,date5,121,192,138,204,148,140,186,132,121,116,95,170,124,239,123,183,95,142,58,164,192,148,193,168,88,161,155,82,134,144,194,173,80,170,92,129,129,183,83,142,146,157,57,128,177,141,143,144
profile13,date4,31,91,75,79,25,180,131,58,104,87,51,74,42,110,134,121,64,80,81,61,158,147,133,98,56,28,80,49,148,145,131,90,149,135,46,124,28,67,145,50,101,117,40,35,67,115,127,17
profile27,date4,89,170,93,46,150,78,131,136,170,100,107,180,95,45,145,8,159,133,111,85,131,185,9,150,156,13,18,104,196,115,82,83,149,80,63,66,45,98,137,41,129,96,86,120,52,138,157,115
profile20,date4,52,4,1,83,78,63,60,14,7,1,53,67,50,50,54,73,88,79,23,28,46,50,17,87,92,29,98,18,70,53,99,24,67,94,38,58,18,72,35,8,35,84,25,38,95,29,73,11
profile70,date6,15,75,156,130,135,93,12,32,48,19,181,51,77,75,102,32,160,83,47,140,133,47,191,58,92,103,126,60,48,107,38,76,182,88,122,81,24,95,87,36,97,89,88,56,137,77,76,107
profile54,date4,62,136,164,86,154,52,120,143,38,52,178,162,120,101,104,119,80,87,172,92,158,93,120,94,118,57,183,139,106,10,79,132,142,136,56,86,150,95,168,60,55,106,111,90,34,80,79,125
profile69,date4,31,29,82,51,42,32,36,33,74,24,69,50,97,1,94,71,22,69,57,31,7,31,96,39,96,64,38,68,83,27,60,72,63,58,22,96,30,79,27,31,85,85,35,81,98,3,77,11
profile70,date3,2,84,58,38,72,66,11,44,45,61,77,85,6,8,32,7,37,92,61,52,74,26,83,17,63,40,33,67,19,9,77,52,54,15,39,98,59,95,40,27,19,88,98,85,58,91,32,54
profile6,date3,170,285,238,246,364,300,225,192,216,297,114,229,243,228,152,194,180,218,146,75,269,228,110,202,208,127,153,163,300,82,227,84,179,214,227,313,174,261,226,257,185,198,234,150,144,99,187,155
profile41,date8,65,23,19,71,97,1,50,25,68,79,11,65,19,37,88,56,41,23,2,69,36,82,20,92,78,55,79,19,26,0,36,15,81,36,4,60,54,64,3,52,66,19,20,65,44,48,97,78
profile14,date1,154,184,154,178,135,146,250,160,247,98,164,9,216,157,95,123,92,177,106,183,118,69,144,203,215,131,132,135,115,230,140,192,183,229,157,250,117,160,183,119,92,65,179,138,75,169,191,118
profile65,date5,34,53,1,59,52,5,27,40,34,78,66,15,93,66,74,22,90,26,29,19,52,5,23,97,32,51,77,15,94,13,67,99,43,32,62,52,18,57,42,39,73,55,63,8,84,44,35,69
profile41,date3,157,174,238,126,166,189,92,117,104,108,169,100,146,174,231,165,198,123,110,123,115,70,173,90,133,141,98,93,200,138,158,57,134,171,164,145,205,132,134,170,244,243,166,131,192,92,172,161
profile87,date0,74,16,23,64,79,87,42,17,10,29,16,30,75,97,87,32,99,63,4,79,20,36,19,18,31,42,16,96,23,66,64,36,93,59,32,41,60,42,16,12,58,19,41,10,85,40,57,63
profile97,date5,181,159,125,101,111,90,23,119,82,92,99,119,121,86,169,55,140,75,191,119,125,44,153,24,122,37,20,124,56,102,72,114,63,62,83,138,98,29,131,123,82,180,82,48,82,96,74,91
profile22,date8,12,6,72,48,47,81,0,14,38,23,98,75,81,50,99,35,57,54,87,89,35,56,20,20,78,97,3,72,68,59,6,96,93,82,57,36,32,9,14,38,94,96,91,65,85,62,93,18
profile82,date0,98,34,93,17,64,82,33,95,28,12,94,41,57,64,56,57,97,56,72,46,35,52,4,81,9,22,62,7,46,52,78,15,3,94,45,80,63,86,11,32,6,58,52,93,78,51,39,53
profile5,date7,38,129,139,170,116,86,34,98,148,58,147,115,87,76,130,82,94,93,85,86,127,163,74,44,81,152,111,86,108,71,93,8,151,160,98,155,100,110,134,101,128,140,53,100,67,144,152,34
profile81,date4,26,50,22,41,36,99,24,16,4,6,43,51,6,33,80,63,77,41,49,64,10,49,98,8,58,70,77,52,88,4,57,51,75,66,35,32,6,62,86,29,66,97,98,10,64,57,51,67
profile10,date2,27,103,100,91,83,85,133,143,106,136,97,52,78,124,104,119,102,129,128,174,77,130,114,90,49,13,165,63,108,124,30,78,60,20,153,57,94,113,174,120,107,116,95,134,126,65,63,91
profile61,date9,29,10,85,44,81,73,32,93,99,2,20,63,25,80,95,43,75,56,28,63,82,69,99,34,37,45,99,58,1,73,98,12,53,78,36,57,11,0,76,71,95,17,60,12,49,67,40,49
profile46,date2,89,79,23,61,49,3,55,92,43,12,63,38,67,15,88,93,42,4,98,52,52,38,35,93,50,35,68,32,47,9,59,86,9,9,20,13,50,91,14,74,62,88,25,73,10,76,99,48
profile1,date6,97,5,46,55,44,65,65,54,3,84,42,95,38,74,74,72,59,11,97,82,16,91,30,78,47,1,91,38,0,23,80,9,85,35,23,44,68,27,98,40,13,31,82,85,91,11,72,10
profile52,date8,140,168,94,146,54,51,74,97,99,111,66,106,86,87,36,98,141,121,22,102,73,44,92,101,113,107,31,101,123,127,151,56,79,71,50,96,70,31,91,126,29,73,110,57,167,132,115,70
profile87,date4,58,78,3,29,3,72,55,19,95,7,65,49,15,40,67,0,41,13,76,50,0,15,60,74,58,80,84,79,25,26,67,58,19,99,96,3,27,64,89,52,93,69,69,94,62,15,22,75
profile83,date0,71,14,15,73,61,90,1,81,54,39,17,63,74,88,33,55,58,39,61,12,82,5,11,81,40,87,76,49,88,29,45,25,89,73,50,58,91,65,1,54,13,11,38,75,1,42,34,99
profile62,date3,79,96,59,13,89,58,40,43,15,28,43,23,15,78,62,55,93,75,16,39,18,34,62,63,89,72,44,3,10,33,76,81,74,87,65,33,76,92,75,21,63,49,89,41,73,18,8,9
profile38,date7,58,92,144,98,60,78,103,77,43,127,122,29,27,170,146,32,144,76,137,135,70,168,126,47,88,32,47,132,162,179,106,72,95,105,21,162,98,14,96,93,76,112,146,90,113,130,61,183
profile36,date4,86,50,2,2,74,24,39,32,49,15,62,88,64,46,13,49,69,16,58,6,67,82,58,37,83,16,6,34,56,60,88,87,63,80,39,61,77,41,96,99,89,52,51,82,45,74,50,28
profile29,date0,65,82,71,60,87,41,83,6,53,97,98,83,76,64,92,64,85,66,6,26,16,78,28,83,58,2,94,9,50,28,6,89,42,99,8,49,68,45,30,17,87,11,23,97,77,35,62,4
profile55,date9,155,260,111,106,139,137,143,189,118,77,149,113,91,37,173,197,225,182,238,105,184,190,186,195,186,125,105,89,171,118,136,134,86,217,96,71,97,169,253,184,254,201,187,174,88,174,94,116
profile43,date6,71,3,63,91,34,62,14,44,61,94,65,62,24,27,11,10,34,60,19,15,71,44,98,15,63,40,73,22,55,14,71,16,10,82,7,1,54,5,26,59,99,19,4,91,34,63,45,40
profile25,date3,121,50,93,42,157,45,114,56,71,130,66,107,54,171,168,127,77,45,104,58,48,170,73,143,169,19,125,99,103,39,102,12,47,65,130,44,37,47,142,130,99,39,150,105,181,139,54,88
profile16,date7,129,175,20,95,47,74,65,83,80,127,64,132,44,85,103,67,92,173,172,123,53,43,70,95,141,129,83,80,114,98,109,139,121,184,72,120,123,171,34,72,78,114,174,156,121,93,102,94
profile20,date1,12,151,120,103,89,55,81,97,37,84,83,147,70,156,100,88,71,97,117,89,180,6,134,70,125,84,149,125,28,160,36,88,46,19,92,103,146,101,117,150,198,187,100,87,96,136,49,84
profile81,date7,38,1,33,55,57,38,76,15,19,61,91,21,70,67,20,4,79,48,10,29,79,67,46,23,43,63,3,40,48,42,88,82,29,67,49,52,29,75,56,68,73,48,33,85,86,49,48,69
profile83,date6,95,11,3,58,67,92,18,92,31,40,14,36,31,89,8,99,92,26,0,97,8,81,23,37,40,65,10,3,50,34,50,93,5,75,86,90,2,74,1,24,39,35,89,6,95,79,49,69
profile45,date0,24,60,12,98,98,72,24,25,10,20,27,51,96,32,42,29,86,78,52,60,62,28,41,78,15,48,45,97,57,89,19,23,26,70,25,86,69,99,21,56,29,28,24,3,7,14,83,62
profile19,date1,145,184,156,141,86,253,49,138,130,148,145,94,149,151,113,151,83,177,225,225,192,109,137,209,37,204,200,98,131,158,128,111,90,123,181,201,143,136,182,186,91,74,52,147,101,120,116,190
profile2,date0,9,25,39,75,85,33,74,37,17,52,38,34,58,16,16,46,15,93,71,34,6,86,71,87,67,68,81,88,12,74,40,23,31,92,91,81,7,44,83,91,42,76,40,70,72,16,1,68
profile36,date8,24,79,91,59,72,66,31,11,70,13,67,11,86,86,17,66,74,1,65,88,88,21,50,98,89,14,99,61,96,62,15,39,83,15,97,60,66,93,63,12,95,41,2,23,7,77,8,91
profile55,date5,84,0,70,5,11,68,21,84,34,48,33,17,55,25,98,78,80,2,98,9,51,65,45,68,43,68,2,47,33,11,29,62,12,42,60,61,56,96,33,59,14,64,27,9,91,73,25,80
profile43,date1,169,127,158,127,219,183,68,166,109,128,176,124,79,143,103,198,181,162,201,48,186,75,155,189,234,186,139,98,156,65,110,192,204,193,225,163,126,193,139,79,183,249,225,202,209,111,189,225
profile97,date2,16,9,83,22,41,75,27,16,4,61,27,50,98,79,79,46,53,21,68,14,62,16,62,42,11,93,10,12,80,17,35,52,77,79,67,88,35,14,27,9,37,26,45,68,6,26,70,7
profile7,date9,86,98,90,70,139,62,103,171,95,137,137,77,169,44,81,79,138,78,65,186,59,34,165,171,94,74,70,79,101,29,24,74,76,101,111,85,140,169,162,105,15,152,105,66,126,101,92,27
profile70,date5,30,47,13,90,74,99,49,99,69,37,57,48,25,50,80,80,24,36,43,54,94,0,24,91,31,36,93,18,95,30,92,3,68,29,71,13,93,98,28,12,4,76,47,97,93,56,63,9
profile94,date0,40,47,77,73,64,30,48,79,98,51,77,9,98,87,66,67,30,7,63,27,53,23,98,5,73,36,79,57,18,12,42,55,84,2,39,70,63,40,76,47,2,53,77,92,45,4,57,21
profile17,date4,11,78,78,37,77,54,68,58,75,40,78,87,42,60,10,34,76,68,30,47,86,85,2,84,7,88,24,84,77,77,62,25,38,60,39,85,2,35,61,5,76,32,54,45,7,91,36,4
profile31,date0,86,76,57,60,50,84,77,8,21,55,21,75,39,83,70,71,61,71,22,40,73,15,39,87,72,29,71,91,11,56,63,3,27,19,45,11,12,4,22,23,29,87,24,70,18,29,97,33
profile80,date8,59,33,61,49,83,23,91,56,31,40,57,64,76,20,15,83,18,37,72,30,48,32,95,28,86,98,48,82,92,34,72,90,17,61,34,71,99,21,44,22,53,92,82,7,71,97,89,82
profile78,date4,100,39,23,68,53,120,132,7,172,52,104,79,105,56,137,57,79,95,41,130,73,127,79,162,65,93,98,107,70,92,100,46,75,103,173,155,147,35,39,142,123,65,59,77,47,64,177,89
profile5,date4,155,92,239,164,166,148,219,172,131,229,119,119,82,150,233,94,105,42,197,189,198,105,272,79,98,182,191,99,217,103,151,145,84,179,200,149,104,110,214,186,202,157,153,129,177,170,99,134
profile25,date6,93,65,72,19,4,40,62,1,41,91,94,29,83,70,49,4,24,56,82,64,34,43,94,93,92,76,95,7,64,97,55,66,6,57,25,6,18,74,92,30,71,74,63,39,20,8,74,19
profile77,date6,82,83,24,62,35,97,89,18,1,44,58,49,45,85,74,11,57,88,49,58,52,59,73,91,83,64,77,69,22,38,64,33,32,6,77,77,5,74,95,46,58,1,76,45,90,89,79,93
profile86,date1,99,7,2,22,67,46,98,94,98,28,90,49,63,75,98,18,7,60,94,89,91,63,23,88,11,5,96,94,9,53,80,65,74,91,89,16,16,59,14,84,38,21,30,4,36,91,22,27
profile65,date0,86,45,67,6,34,11,60,23,26,82,83,47,90,56,66,86,15,64,72,69,81,23,73,82,51,38,79,46,28,5,62,23,99,72,66,71,57,55,48,78,16,44,55,36,84,22,66,55
profile87,date6,56,51,18,55,2,64,42,2,42,37,74,42,33,17,60,96,91,30,67,4,8,21,55,22,90,72,35,80,60,14,79,16,94,76,36,62,66,52,58,26,59,98,33,4,1,90,67,65
profile31,date2,168,91,236,128,85,150,150,46,140,261,111,162,145,174,72,104,181,138,223,171,211,82,186,196,178,182,124,118,243,160,213,105,152,163,140,216,123,131,185,227,159,143,162,86,186,76,126,115
profile97,date8,44,57,61,46,64,8,67,34,70,63,87,45,58,34,74,44,68,37,1,43,17,38,82,32,95,57,49,15,68,65,27,71,92,76,71,12,28,9,55,13,9,10,34,18,8,8,16,46
profile67,date9,97,15,35,24,9,79,40,8,71,23,2,41,2,95,46,66,87,94,6,3,56,52,97,17,42,70,62,91,10,58,34,79,18,51,79,6,37,46,50,18,32,58,70,79,49,91,63,14
profile19,date7,94,71,11,10,96,36,69,77,49,73,91,30,13,92,96,69,0,59,46,26,97,37,95,74,61,71,36,93,67,10,71,19,68,90,25,72,96,85,62,31,69,34,10,66,84,67,76,47
profile36,date0,79,32,59,112,12,140,37,167,149,27,87,142,150,105,99,125,119,56,166,111,10,67,77,104,104,54,40,169,97,132,110,78,99,155,106,118,139,11,23,70,114,92,124,35,130,69,115,124
profile41,date1,32,39,88,48,37,94,59,68,18,84,50,21,33,57,99,21,13,83,82,75,10,0,29,55,0,33,77,80,3,86,76,11,27,9,51,58,41,5,96,84,31,68,50,65,58,39,49,75
profile50,date8,107,66,81,79,82,20,33,134,44,62,79,127,119,155,37,46,75,77,152,134,106,68,126,77,45,59,79,154,121,74,53,39,120,187,110,148,109,159,154,59,95,52,63,69,57,40,104,134
profile4,date6,53,4,27,14,23,48,16,99,29,54,40,49,62,26,42,98,9,32,77,39,32,99,4,24,5,62,71,70,66,74,50,75,13,35,0,68,17,17,26,90,40,24,27,47,46,23,93,24
profile20,date3,97,60,45,0,34,40,77,68,97,70,83,73,58,35,61,71,24,52,30,55,89,38,54,84,68,71,25,48,14,96,0,86,49,89,29,35,27,79,74,28,39,47,65,42,67,68,43,65
profile55,date1,105,100,65,160,84,111,153,51,34,115,35,111,108,176,78,106,47,125,41,59,91,97,105,51,92,66,62,44,144,113,116,62,61,111,103,144,103,165,102,152,112,66,150,81,37,24,91,105
profile27,date9,143,35,150,34,32,37,159,145,80,37,48,103,41,100,102,119,78,63,42,21,152,101,18,126,15,42,52,121,62,113,74,111,114,150,52,61,100,154,122,129,64,182,75,18,100,108,171,97
profile72,date9,31,0,22,49,43,7,25,28,79,74,41,40,25,83,41,62,96,73,48,92,90,98,21,23,10,34,23,70,43,83,67,29,67,12,84,34,79,16,34,56,41,35,71,46,22,60,23,67
profile32,date4,56,5,84,73,15,14,75,78,11,43,92,65,29,99,63,2,57,48,56,64,28,9,42,61,40,77,97,84,13,76,28,13,90,90,68,67,32,83,98,13,22,73,40,15,2,73,80,73
profile70,date2,47,85,10,19,72,37,41,93,70,88,42,54,41,65,5,73,1,27,32,22,68,78,82,96,38,8,90,17,68,18,86,56,77,13,49,42,57,62,47,95,79,14,3,53,46,16,71,19
profile26,date8,20,43,60,9,43,84,40,44,37,3,38,84,92,35,83,43,3,62,36,99,85,5,89,12,38,66,1,64,78,10,21,60,88,23,24,96,56,26,91,69,21,67,50,37,39,82,92,51
profile55,date0,147,79,135,8,60,138,93,93,93,82,149,88,98,44,77,24,84,89,87,71,109,11,136,128,128,124,94,102,103,95,130,137,114,38,98,108,112,133,31,85,53,44,158,121,134,156,186,66
profile89,date6,45,22,57,20,43,78,54,44,97,41,22,66,29,57,83,5,18,5,32,39,21,69,36,60,13,29,77,17,29,19,17,80,29,86,49,80,81,82,69,5,36,66,48,72,77,21,77,46
profile45,date4,60,0,75,84,36,76,54,57,25,79,67,83,73,79,76,13,31,80,73,99,92,17,51,3,61,66,50,80,97,59,55,79,48,82,7,48,76,29,84,93,79,12,30,10,70,61,88,23
profile7,date4,11,0,47,98,32,42,12,38,15,57,74,54,65,27,94,16,16,6,50,8,71,79,94,6,31,15,56,80,82,18,6,11,83,12,54,58,63,67,94,94,3,90,66,58,84,91,68,53
profile58,date9,138,220,143,258,166,141,214,235,168,90,172,225,120,208,149,263,169,207,97,175,197,54,221,307,114,199,215,281,105,242,104,83,237,149,246,182,187,214,223,244,154,197,212,234,225,222,181,252
profile42,date1,276,164,334,222,226,188,156,164,151,121,129,149,256,250,248,167,190,181,196,174,298,216,200,171,226,201,277,257,218,261,224,211,143,162,170,237,243,194,128,143,151,286,239,138,170,251,143,264
profile71,date3,58,9,33,68,16,1,75,6,88,76,49,47,39,40,34,29,71,58,90,17,94,38,18,74,80,80,99,20,99,95,9,65,52,54,99,86,30,55,74,33,69,88,26,48,13,81,96,98
profile98,date8,69,21,51,66,75,74,35,89,97,68,12,81,30,89,12,74,15,18,32,3,37,35,2,7,59,55,20,71,57,84,80,10,13,87,29,73,59,37,54,0,20,9,61,51,39,65,29,62
profile39,date9,85,14,73,85,16,38,27,57,96,74,27,13,79,52,99,30,35,35,89,68,99,81,43,86,92,1,50,91,54,7,70,98,44,31,11,29,0,52,47,76,80,85,8,36,46,43,1,71
profile23,date9,99,90,84,52,10,76,70,24,49,54,60,60,57,7,10,8,29,45,64,44,11,77,85,14,10,82,26,91,77,50,16,26,22,90,11,38,5,70,81,85,44,48,40,70,0,63,27,72
profile12,date2,63,80,21,5,22,71,3,89,52,77,69,41,89,53,25,99,98,26,56,78,45,78,19,9,85,48,41,88,16,58,77,72,25,23,26,69,75,32,82,87,76,46,33,50,37,4,97,4
profile57,date1,73,55,12,72,38,59,6,7,4,88,29,59,7,7,84,18,49,45,25,40,29,95,1,54,3,64,29,1,46,50,71,68,17,35,60,75,43,68,22,92,85,53,13,4,62,0,26,90
profile32,date6,164,110,97,145,165,65,93,29,75,77,45,98,183,59,33,111,42,102,119,57,63,74,148,132,104,33,25,78,107,96,172,133,62,131,115,79,72,152,164,96,21,129,45,110,135,48,35,127
profile94,date1,91,5,23,37,58,39,3,97,71,43,18,56,88,70,96,64,28,66,4,54,73,99,4,22,91,97,67,61,27,38,40,23,50,44,13,21,23,72,60,90,68,82,65,66,8,45,63,58
profile58,date2,46,38,24,39,7,31,95,79,78,94,35,43,32,0,61,61,15,77,17,73,49,90,48,30,46,66,21,68,47,8,2,70,56,98,98,52,85,37,65,33,34,81,28,62,4,81,67,19
profile89,date3,52,58,16,42,25,10,34,10,71,34,71,95,28,52,46,15,99,45,26,47,74,4,63,16,22,22,53,53,46,11,93,13,17,89,85,86,26,38,97,48,53,64,87,24,80,20,63,41
profile45,date1,131,73,148,143,113,96,116,137,80,143,99,176,27,89,96,99,80,56,160,81,86,96,98,82,97,76,95,88,76,120,118,140,59,135,92,97,62,97,43,106,80,80,130,139,93,100,16,72
profile74,date7,16,78,19,176,68,133,99,109,43,158,123,134,74,78,58,151,87,77,97,123,108,78,46,103,100,82,91,89,134,59,115,126,40,94,115,40,131,178,73,120,93,78,102,106,103,82,162,150
profile24,date6,59,24,51,97,12,14,89,87,53,58,96,89,27,90,49,0,52,62,85,30,66,67,73,90,51,10,18,44,96,59,43,62,5,47,56,4,77,21,37,37,11,80,12,42,12,11,12,81
profile34,date7,34,85,18,50,53,50,20,75,63,16,33,77,6,37,30,27,5,89,28,73,71,83,22,40,32,20,8,80,13,55,10,49,12,51,58,20,14,99,39,51,66,85,11,56,72,49,19,28
profile26,date2,98,68,21,57,48,89,67,60,9,83,77,83,78,39,37,69,68,50,67,3,76,65,99,5,31,44,24,31,35,63,5,18,90,80,45,21,5,3,96,23,12,41,4,47,92,81,53,32
profile34,date4,24,11,33,45,26,55,55,74,9,28,81,22,52,50,68,7,14,69,51,50,66,19,92,47,95,19,38,35,12,81,76,5,85,2,13,25,26,0,35,19,52,86,58,3,87,58,96,70
profile23,date2,78,92,97,23,46,76,70,86,75,34,47,14,20,75,67,35,25,6,15,32,46,51,9,28,81,80,34,75,5,22,98,84,71,54,54,55,47,93,72,66,33,35,31,57,3,71,0,44
profile34,date6,36,145,150,50,92,176,133,185,38,79,91,122,98,74,104,103,60,83,73,64,165,158,66,53,134,122,162,154,72,24,131,63,96,121,98,101,102,92,123,130,25,139,44,86,121,10,43,150
profile59,date6,20,79,34,26,20,48,83,12,73,23,77,49,82,66,2,74,94,44,0,91,39,72,63,61,12,61,84,70,96,27,18,73,4,4,55,19,98,3,54,58,61,23,40,21,66,38,85,90
profile81,date9,14,37,9,59,28,42,42,34,92,26,94,22,18,63,14,53,74,48,22,26,32,74,62,43,14,11,32,62,89,46,20,20,29,19,49,62,98,64,82,72,44,43,46,5,14,38,0,20
profile47,date2,148,71,97,26,99,102,26,119,133,110,35,116,97,19,106,153,133,97,125,97,52,37,86,14,134,88,68,82,111,27,84,100,86,120,26,96,111,163,64,80,159,60,59,84,73,59,112,88
profile85,date9,1,5,52,43,41,67,53,83,52,36,30,5,95,17,59,43,97,86,83,96,80,3,57,50,34,40,55,43,23,51,42,72,98,6,40,9,62,22,32,49,15,53,92,46,98,69,40,4
profile44,date0,200,93,140,208,82,165,186,172,140,53,83,173,40,205,112,127,86,131,83,197,178,145,163,160,197,271,128,208,152,114,149,90,124,202,69,76,138,157,170,173,132,110,170,99,75,162,103,135
profile21,date1,79,46,49,30,71,31,65,21,43,46,49,8,21,84,91,13,52,55,52,81,29,36,78,9,57,62,32,64,75,29,67,91,15,75,31,39,82,7,97,83,16,32,33,17,26,69,54,47
profile32,date0,58,36,46,24,86,90,19,96,39,49,18,10,11,49,73,17,66,83,30,71,29,79,88,67,95,63,3,62,72,41,34,0,19,2,55,19,87,17,93,95,50,86,43,80,6,76,8,25
profile27,date5,97,85,97,43,84,39,40,0,53,37,27,97,27,10,17,29,79,14,60,58,61,43,89,84,41,58,62,98,46,76,37,40,79,13,0,80,6,6,74,78,55,15,89,30,97,0,75,9
profile40,date0,216,82,251,194,296,240,265,159,232,256,130,202,245,193,143,272,237,137,139,255,116,199,116,273,275,53,285,326,203,154,68,148,194,178,261,215,108,161,197,177,126,193,189,261,211,182,246,114
profile72,date2,27,88,81,53,74,88,50,92,59,9,99,40,50,7,44,17,75,67,10,9,16,79,2,86,16,86,36,8,43,31,34,77,89,1,33,93,41,38,17,46,68,52,5,33,30,73,12,52
profile2,date7,102,99,128,58,126,152,98,112,152,104,87,63,76,129,32,88,60,95,139,105,45,171,115,109,96,114,68,152,98,95,136,116,95,70,103,103,94,111,45,72,111,183,140,100,108,178,164,68
profile65,date6,57,60,76,147,41,183,83,38,181,112,125,157,164,66,60,58,112,26,34,99,62,96,169,99,175,97,96,75,39,115,60,149,136,84,59,13,70,140,107,133,145,113,101,169,19,71,105,70
